id year bid n1 n2 imps hand suit hcp suitq
bb9_497 1997 22 1 1 11 1 2 8 8
bb9_497 1997 0 1 1 -11 1 2 8 8
bb9_977 1997 22 1 1 12 3 2 9 4
bb9_977 1997 13 1 1 -12 3 2 9 4
bb9_1027 1997 23 1 1 2 1 2 10 9
bb9_1027 1997 0 1 1 -2 1 2 10 9
bb9_1033 1997 0 1 1 -5 1 2 9 15
bb9_1033 1997 23 1 1 5 1 2 9 15
bb9_1353 1997 22 1 1 0 2 2 6 6
bb9_1353 1997 0 1 1 0 2 2 6 6
bb9_1583 1997 22 1 1 0 1 2 9 7
bb9_1583 1997 0 1 1 0 1 2 9 7
bb9_1657 1997 21 1 1 -3 1 2 10 9
bb9_1657 1997 13 1 1 3 1 2 10 9
bb9_2045 2000 22 1 3 12 2 2 10 5
bb9_2045 2000 0 2 2 -24 2 2 10 5
bb9_2045 2000 13 1 3 12 2 2 10 5
bb9_2081 2000 13 2 2 -37 1 2 10 11
bb9_2081 2000 0 2 2 37 1 2 10 11
bb9_2461 2001 0 1 1 -6 1 2 6 7
bb9_2461 2001 22 1 1 6 1 2 6 7
bb9_2487 2001 0 1 1 -8 1 2 6 11
bb9_2487 2001 23 1 1 8 1 2 6 11
bb9_2507 2001 0 1 1 0 1 2 8 10
bb9_2507 2001 22 1 1 0 1 2 8 10
bb9_2525 2001 0 1 1 7 2 2 8 10
bb9_2525 2001 22 1 1 -7 2 2 8 10
bb9_2571 2001 22 1 1 3 2 2 7 3
bb9_2571 2001 0 1 1 -3 2 2 7 3
bb9_2585 2001 0 1 1 0 1 2 9 6
bb9_2585 2001 13 1 1 0 1 2 9 6
bb9_2647 2001 13 1 1 -11 1 2 9 8
bb9_2647 2001 0 1 1 11 1 2 9 8
bb9_2978 2003 0 1 2 -14 1 2 6 10
bb9_2978 2003 23 2 1 14 1 2 6 10
bb9_3569 2003 22 1 2 14 2 2 7 7
bb9_3569 2003 0 2 1 -14 2 2 7 7
bb9_3577 2003 0 2 1 1 1 2 5 0
bb9_3577 2003 23 1 2 -1 1 2 5 0
bb9_3586 2003 0 2 1 11 1 2 6 9
bb9_3586 2003 23 1 2 -11 1 2 6 9
bb9_4091 2003 0 1 1 0 1 2 10 9
bb9_4091 2003 13 1 1 0 1 2 10 9
bb9_4149 2003 0 1 1 0 1 2 10 12
bb9_4149 2003 13 1 1 0 1 2 10 12
bb9_4290 2003 13 1 1 7 1 2 10 15
bb9_4290 2003 0 1 1 -7 1 2 10 15
bb9_4675 2005 13 1 1 -6 2 2 9 7
bb9_4675 2005 0 1 1 6 2 2 9 7
bb9_4788 2005 0 1 3 0 3 2 8 1
bb9_4788 2005 12 1 3 0 3 2 8 1
bb9_4788 2005 22 2 2 0 3 2 8 1
bb9_5412 2005 0 2 1 -17 1 2 8 7
bb9_5412 2005 23 1 2 17 1 2 8 7
bb9_5468 2005 0 3 1 -13 1 2 9 10
bb9_5468 2005 13 1 3 13 1 2 9 10
bb9_5592 2005 0 1 1 4 2 2 9 6
bb9_5592 2005 23 1 1 -4 2 2 9 6
bb9_5804 2005 0 1 1 0 1 2 9 10
bb9_5804 2005 23 1 1 0 1 2 9 10
bb9_6027 2005 0 2 1 0 2 2 9 6
bb9_6027 2005 13 1 2 0 2 2 9 6
bb9_6043 2005 0 2 2 -8 2 2 8 10
bb9_6043 2005 22 2 2 8 2 2 8 10
bb9_7500 2007 0 1 1 4 1 2 10 12
bb9_7500 2007 13 1 1 -4 1 2 10 12
bb9_7651 2007 23 1 1 3 1 2 6 9
bb9_7651 2007 0 1 1 -3 1 2 6 9
bb9_7789 2007 0 1 1 -7 1 2 10 9
bb9_7789 2007 13 1 1 7 1 2 10 9
bb9_7877 2009 0 3 1 13 1 2 8 10
bb9_7877 2009 23 1 3 -13 1 2 8 10
bb9_7885 2009 13 2 2 -12 3 2 9 7
bb9_7885 2009 0 2 2 12 3 2 9 7
bb9_7893 2009 0 3 1 -19 1 2 6 10
bb9_7893 2009 23 1 3 19 1 2 6 10
bb9_8270 2009 13 1 1 -1 1 2 8 9
bb9_8270 2009 0 1 1 1 1 2 8 9
bb9_8310 2009 0 2 1 5 1 2 10 3
bb9_8310 2009 13 1 2 -5 1 2 10 3
bb9_8541 2009 22 1 5 -24 1 2 5 10
bb9_8541 2009 0 3 3 72 1 2 5 10
bb9_8541 2009 23 2 4 -48 1 2 5 10
bb9_8657 2009 23 1 5 21 1 2 6 8
bb9_8657 2009 0 5 1 -21 1 2 6 8
bb9_9105 2009 0 4 2 -86 1 2 5 4
bb9_9105 2009 23 2 4 86 1 2 5 4
bb9_9123 2009 0 6 2 57 1 2 10 8
bb9_9123 2009 23 1 7 -23 1 2 10 8
bb9_9123 2009 13 1 7 -34 1 2 10 8
bb9_9393 2009 0 7 1 15 3 2 7 8
bb9_9393 2009 13 1 7 -15 3 2 7 8
bb9_9926 2009 0 4 2 -28 1 2 5 11
bb9_9926 2009 23 1 5 11 1 2 5 11
bb9_9926 2009 22 1 5 17 1 2 5 11
bb9_9950 2009 0 5 1 -22 2 2 9 6
bb9_9950 2009 13 1 5 22 2 2 9 6
bb9_10034 2009 0 5 1 -39 1 2 5 5
bb9_10034 2009 22 1 5 39 1 2 5 5
bb9_10810 2009 23 1 5 -15 1 2 8 5
bb9_10810 2009 22 2 4 44 1 2 8 5
bb9_10810 2009 0 3 3 -29 1 2 8 5
bb9_10921 2009 23 2 1 -5 3 2 8 5
bb9_10921 2009 13 1 2 5 3 2 8 5
bb9_12138 2011 0 6 2 21 1 2 6 5
bb9_12138 2011 23 2 6 -21 1 2 6 5
bb9_12144 2011 0 7 1 1 2 2 6 6
bb9_12144 2011 23 1 7 -1 2 2 6 6
bb9_12843 2011 0 5 1 0 1 2 8 7
bb9_12843 2011 23 1 5 0 1 2 8 7
bb9_13029 2011 0 7 1 -50 1 2 6 10
bb9_13029 2011 23 1 7 50 1 2 6 10
bb9_13233 2011 0 5 1 36 3 2 8 4
bb9_13233 2011 21 1 5 -36 3 2 8 4
bb9_13933 2011 22 1 2 11 3 2 10 8
bb9_13933 2011 13 2 1 -11 3 2 10 8
bb9_14215 2011 13 2 1 -24 3 2 9 4
bb9_14215 2011 0 1 2 24 3 2 9 4
bb9_14231 2011 0 2 2 -5 1 2 9 7
bb9_14231 2011 23 1 3 14 1 2 9 7
bb9_14231 2011 13 1 3 -9 1 2 9 7
bb9_14265 2011 23 1 1 -7 1 2 6 9
bb9_14265 2011 0 1 1 7 1 2 6 9
bb9_14391 2011 0 1 1 -6 2 2 10 5
bb9_14391 2011 13 1 1 6 2 2 10 5
bb9_14731 2013 13 4 2 14 1 2 10 10
bb9_14731 2013 0 1 5 9 1 2 10 10
bb9_14731 2013 23 1 5 -23 1 2 10 10
bb9_15399 2013 23 2 2 10 1 2 6 9
bb9_15399 2013 0 2 2 -10 1 2 6 9
bb9_15443 2013 13 2 2 10 2 2 9 10
bb9_15443 2013 0 1 3 6 2 2 9 10
bb9_15443 2013 23 1 3 -16 2 2 9 10
ca_694 2000 13 1 1 1 3 2 8 7
ca_694 2000 23 1 1 -1 3 2 8 7
ca_1543 2007 0 1 1 12 1 2 10 2
ca_1543 2007 13 1 1 -12 1 2 10 2
ca_1844 2008 13 1 1 0 3 2 6 3
ca_1844 2008 0 1 1 0 3 2 6 3
dt_15 1997 21 1 1 0 1 2 5 5
dt_15 1997 0 1 1 0 1 2 5 5
dt_521 1999 22 1 1 13 3 2 6 6
dt_521 1999 23 1 1 -13 3 2 6 6
dt_529 2000 23 1 1 0 1 2 6 2
dt_529 2000 0 1 1 0 1 2 6 2
dt_662 2000 0 1 1 10 1 2 9 6
dt_662 2000 23 1 1 -10 1 2 9 6
dt_1062 2004 0 1 1 -7 2 2 7 7
dt_1062 2004 23 1 1 7 2 2 7 7
dt_1092 2004 13 1 1 2 2 2 10 11
dt_1092 2004 0 1 1 -2 2 2 10 11
dt_1907 2011 13 1 1 0 3 2 9 2
dt_1907 2011 0 1 1 0 3 2 9 2
dt_2282 2013 22 1 1 -2 1 2 6 11
dt_2282 2013 23 1 1 2 1 2 6 11
ec_69 1998 0 1 1 10 1 2 10 7
ec_69 1998 23 1 1 -10 1 2 10 7
ec_141 1998 0 1 1 -11 1 2 7 11
ec_141 1998 22 1 1 11 1 2 7 11
ec_291 1998 23 1 1 -4 1 2 8 13
ec_291 1998 22 1 1 4 1 2 8 13
ec_297 1998 0 1 1 -6 1 2 6 8
ec_297 1998 23 1 1 6 1 2 6 8
ec_547 1998 23 1 1 2 1 2 8 7
ec_547 1998 0 1 1 -2 1 2 8 7
ec_617 1998 23 1 1 0 3 2 10 4
ec_617 1998 13 1 1 0 3 2 10 4
ec_773 1998 0 1 1 1 1 2 7 10
ec_773 1998 23 1 1 -1 1 2 7 10
ec_851 2001 0 5 1 -42 1 2 8 3
ec_851 2001 23 1 5 42 1 2 8 3
ec_961 2001 23 1 3 43 2 2 9 9
ec_961 2001 0 2 2 -34 2 2 9 9
ec_961 2001 22 1 3 -9 2 2 9 9
ec_983 2001 23 1 3 3 1 2 10 8
ec_983 2001 13 1 3 -17 1 2 10 8
ec_983 2001 22 1 3 7 1 2 10 8
ec_983 2001 0 1 3 7 1 2 10 8
ec_1161 2001 23 2 4 -30 1 2 7 9
ec_1161 2001 0 2 4 76 1 2 7 9
ec_1161 2001 21 1 5 -23 1 2 7 9
ec_1161 2001 24 1 5 -23 1 2 7 9
ec_1379 2001 0 4 2 26 2 2 10 10
ec_1379 2001 23 1 5 5 2 2 10 10
ec_1379 2001 13 1 5 -31 2 2 10 10
ec_1385 2001 0 5 1 -32 2 2 5 2
ec_1385 2001 22 1 5 32 2 2 5 2
ec_1483 2004 23 2 8 -106 1 2 5 10
ec_1483 2004 0 7 3 31 1 2 5 10
ec_1483 2004 22 1 9 75 1 2 5 10
ec_1511 2004 0 8 1 61 1 2 7 5
ec_1511 2004 23 1 8 -61 1 2 7 5
ec_2479 2004 23 2 8 -49 1 2 8 7
ec_2479 2004 0 8 2 49 1 2 8 7
ec_2832 2004 13 5 3 -85 3 2 8 7
ec_2832 2004 23 2 6 108 3 2 8 7
ec_2832 2004 0 1 7 -23 3 2 8 7
ec_3032 2004 0 9 1 17 1 2 5 8
ec_3032 2004 23 1 9 -17 1 2 5 8
ec_3040 2004 13 4 2 52 1 2 9 10
ec_3040 2004 0 1 5 13 1 2 9 10
ec_3040 2004 23 1 5 -65 1 2 9 10
ec_3194 2004 0 4 2 -36 2 2 6 6
ec_3194 2004 23 2 4 36 2 2 6 6
ec_3629 2004 0 9 1 26 1 2 10 8
ec_3629 2004 23 1 9 -26 1 2 10 8
ec_3649 2004 23 4 4 -94 1 2 5 10
ec_3649 2004 0 3 5 92 1 2 5 10
ec_3649 2004 22 1 7 2 1 2 5 10
ec_3816 2004 0 9 1 4 1 2 10 7
ec_3816 2004 23 1 9 -4 1 2 10 7
ec_4723 2004 23 2 4 13 1 2 10 8
ec_4723 2004 0 3 3 -29 1 2 10 8
ec_4723 2004 13 1 5 16 1 2 10 8
ec_4749 2004 0 5 3 -111 1 2 6 9
ec_4749 2004 22 3 5 111 1 2 6 9
ec_4753 2004 23 1 7 -2 2 2 10 14
ec_4753 2004 13 7 1 2 2 2 10 14
ec_5871 2004 13 4 1 36 3 2 10 5
ec_5871 2004 14 1 4 -36 3 2 10 5
ec_6035 2004 13 7 3 0 1 2 10 5
ec_6035 2004 12 1 9 0 1 2 10 5
ec_6035 2004 0 2 8 0 1 2 10 5
ec_6039 2004 13 9 1 48 3 2 10 8
ec_6039 2004 0 1 9 -48 3 2 10 8
ec_6043 2004 22 1 9 63 1 2 5 11
ec_6043 2004 0 9 1 -63 1 2 5 11
ec_6457 2004 23 3 5 -12 3 2 9 7
ec_6457 2004 13 5 3 12 3 2 9 7
ec_7079 2006 0 1 1 6 2 2 9 8
ec_7079 2006 23 1 1 -6 2 2 9 8
ec_7443 2006 23 1 1 -1 1 2 8 9
ec_7443 2006 0 1 1 1 1 2 8 9
ec_7725 2006 0 1 1 -15 1 2 10 10
ec_7725 2006 13 1 1 15 1 2 10 10
ec_8087 2006 13 1 1 -4 2 2 10 12
ec_8087 2006 0 1 1 4 2 2 10 12
ec_8209 2006 0 1 1 1 2 2 10 11
ec_8209 2006 23 1 1 -1 2 2 10 11
ec_8211 2006 0 1 1 0 1 2 10 9
ec_8211 2006 23 1 1 0 1 2 10 9
ec_8249 2006 13 1 1 0 2 2 10 6
ec_8249 2006 0 1 1 0 2 2 10 6
ec_8319 2007 13 7 4 4 1 2 10 2
ec_8319 2007 0 4 7 -4 1 2 10 2
ec_8503 2007 0 11 1 -12 2 2 8 6
ec_8503 2007 23 1 11 12 2 2 8 6
ec_8571 2007 0 11 1 38 1 2 9 3
ec_8571 2007 23 1 11 -38 1 2 9 3
ec_8573 2007 23 2 1 0 2 2 8 7
ec_8573 2007 0 1 2 0 2 2 8 7
ec_8583 2007 0 8 4 -96 1 2 10 7
ec_8583 2007 13 3 9 155 1 2 10 7
ec_8583 2007 23 1 11 -59 1 2 10 7
ec_9517 2007 0 5 2 0 1 2 8 8
ec_9517 2007 23 2 5 0 1 2 8 8
ec_9733 2007 0 7 3 85 2 2 5 11
ec_9733 2007 23 2 8 -50 2 2 5 11
ec_9733 2007 22 1 9 -35 2 2 5 11
ec_10679 2008 0 11 3 -7 2 2 9 4
ec_10679 2008 23 2 12 -8 2 2 9 4
ec_10679 2008 32 1 13 15 2 2 9 4
ec_10942 2008 0 12 1 97 2 2 7 4
ec_10942 2008 23 1 12 -97 2 2 7 4
ec_11202 2008 0 6 6 -132 2 2 5 8
ec_11202 2008 23 6 6 132 2 2 5 8
ec_11753 2008 0 8 4 -53 3 2 10 5
ec_11753 2008 13 4 8 53 3 2 10 5
ec_12254 2008 22 1 8 -26 1 2 8 8
ec_12254 2008 0 6 3 9 1 2 8 8
ec_12254 2008 23 1 8 31 1 2 8 8
ec_12254 2008 13 1 8 -14 1 2 8 8
ec_12458 2008 23 4 10 -90 1 2 10 13
ec_12458 2008 0 8 6 68 1 2 10 13
ec_12458 2008 13 2 12 22 1 2 10 13
ec_12657 2008 23 4 6 -36 1 2 8 9
ec_12657 2008 0 5 5 63 1 2 8 9
ec_12657 2008 13 1 9 -27 1 2 8 9
ec_12667 2008 0 5 5 -110 1 2 8 15
ec_12667 2008 23 5 5 110 1 2 8 15
ec_13094 2008 23 3 9 127 1 2 10 5
ec_13094 2008 0 8 4 -279 1 2 10 5
ec_13094 2008 21 1 11 152 1 2 10 5
ec_13546 2008 0 11 1 123 1 2 6 6
ec_13546 2008 23 1 11 -123 1 2 6 6
ec_13572 2008 0 10 2 -36 2 2 10 5
ec_13572 2008 13 1 11 18 2 2 10 5
ec_13572 2008 23 1 11 18 2 2 10 5
ec_14738 2008 23 4 6 52 1 2 8 5
ec_14738 2008 0 6 4 -52 1 2 8 5
ec_14740 2008 0 11 1 94 1 2 6 12
ec_14740 2008 23 1 11 -94 1 2 6 12
ec_14750 2008 0 8 4 52 1 2 9 5
ec_14750 2008 23 4 8 -52 1 2 9 5
ec_14971 2008 13 10 4 -4 3 2 9 9
ec_14971 2008 23 1 13 -13 3 2 9 9
ec_14971 2008 22 1 13 1 3 2 9 9
ec_14971 2008 21 1 13 15 3 2 9 9
ec_14971 2008 0 1 13 1 3 2 9 9
ec_14991 2008 0 7 7 36 1 2 8 10
ec_14991 2008 23 6 8 -24 1 2 8 10
ec_14991 2008 13 1 13 -12 1 2 8 10
ec_15239 2008 13 2 10 34 2 2 10 9
ec_15239 2008 0 10 2 -34 2 2 10 9
ec_15253 2008 0 10 2 -35 2 2 7 9
ec_15253 2008 23 2 10 35 2 2 7 9
ec_15495 2008 0 11 1 19 1 2 9 3
ec_15495 2008 23 1 11 -19 1 2 9 3
ec_15729 2008 22 2 12 -30 1 2 7 10
ec_15729 2008 23 5 9 184 1 2 7 10
ec_15729 2008 0 7 7 -154 1 2 7 10
ec_16880 2008 0 9 3 48 2 2 8 10
ec_16880 2008 23 3 9 -48 2 2 8 10
ec_17826 2008 23 4 8 -115 1 2 9 9
ec_17826 2008 0 6 6 235 1 2 9 9
ec_17826 2008 13 2 10 -120 1 2 9 9
ec_17832 2008 0 9 1 -5 1 2 9 10
ec_17832 2008 22 1 9 5 1 2 9 10
ec_17846 2008 23 4 6 -2 3 2 8 7
ec_17846 2008 13 4 6 64 3 2 8 7
ec_17846 2008 21 1 9 -90 3 2 8 7
ec_17846 2008 22 1 9 28 3 2 8 7
ec_18064 2008 22 2 10 -78 1 2 5 5
ec_18064 2008 0 9 3 -6 1 2 5 5
ec_18064 2008 23 1 11 84 1 2 5 5
ec_18442 2008 0 12 1 16 1 2 5 4
ec_18442 2008 23 1 12 -16 1 2 5 4
ec_19496 2009 23 2 1 22 3 2 9 8
ec_19496 2009 0 1 2 -22 3 2 9 8
ec_19730 2009 23 1 3 33 2 2 7 15
ec_19730 2009 0 3 1 -33 2 2 7 15
ec_20007 2009 0 1 1 11 1 2 10 5
ec_20007 2009 13 1 1 -11 1 2 10 5
ec_20267 2009 0 2 2 0 3 2 7 2
ec_20267 2009 23 1 3 0 3 2 7 2
ec_20267 2009 11 1 3 0 3 2 7 2
ec_20435 2009 0 3 1 -9 1 2 7 12
ec_20435 2009 23 1 3 9 1 2 7 12
ec_20469 2009 23 1 3 14 2 2 5 7
ec_20469 2009 0 3 1 -14 2 2 5 7
ec_20481 2009 23 1 1 0 1 2 5 3
ec_20481 2009 0 1 1 0 1 2 5 3
ec_20743 2009 0 3 1 -11 1 2 6 3
ec_20743 2009 23 1 3 11 1 2 6 3
ec_20819 2009 0 2 1 -18 1 2 5 7
ec_20819 2009 23 1 2 18 1 2 5 7
ol_3 1992 0 3 1 2 1 2 8 8
ol_3 1992 22 1 3 -2 1 2 8 8
ol_249 1992 0 1 1 -13 2 2 10 4
ol_249 1992 13 1 1 13 2 2 10 4
ol_253 1992 0 1 1 -6 2 2 10 12
ol_253 1992 13 1 1 6 2 2 10 12
ol_349 1992 13 1 6 -13 2 2 9 8
ol_349 1992 0 5 2 -12 2 2 9 8
ol_349 1992 23 1 6 25 2 2 9 8
ol_537 1992 12 2 8 46 2 2 9 4
ol_537 1992 23 1 9 13 2 2 9 4
ol_537 1992 0 5 5 -16 2 2 9 4
ol_537 1992 31 1 9 -23 2 2 9 4
ol_537 1992 13 1 9 -20 2 2 9 4
ol_685 1992 13 5 7 -9 1 2 10 12
ol_685 1992 23 1 11 -47 1 2 10 12
ol_685 1992 21 1 11 23 1 2 10 12
ol_685 1992 0 5 7 33 1 2 10 12
ol_697 1992 22 1 11 -8 1 2 8 13
ol_697 1992 0 10 2 72 1 2 8 13
ol_697 1992 21 1 11 -64 1 2 8 13
ol_1079 1992 0 10 1 104 1 2 8 11
ol_1079 1992 22 1 10 -104 1 2 8 11
ol_1304 1992 0 10 2 -93 1 2 8 12
ol_1304 1992 22 2 10 93 1 2 8 12
ol_1306 1992 13 1 8 -10 2 2 9 11
ol_1306 1992 0 7 2 67 2 2 9 11
ol_1306 1992 23 1 8 -57 2 2 9 11
ol_1318 1992 0 9 3 -14 1 2 9 5
ol_1318 1992 24 1 11 110 1 2 9 5
ol_1318 1992 22 1 11 -48 1 2 9 5
ol_1318 1992 23 1 11 -48 1 2 9 5
ol_1562 1992 0 11 1 30 1 2 9 4
ol_1562 1992 13 1 11 -30 1 2 9 4
ol_2012 1992 0 8 4 -26 1 2 9 9
ol_2012 1992 22 1 11 -35 1 2 9 9
ol_2012 1992 13 3 9 61 1 2 9 9
ol_2526 1992 0 9 3 93 1 2 7 1
ol_2526 1992 23 2 10 -57 1 2 7 1
ol_2526 1992 21 1 11 -36 1 2 7 1
ol_2762 1992 0 9 3 -266 2 2 5 9
ol_2762 1992 22 2 10 164 2 2 5 9
ol_2762 1992 23 1 11 102 2 2 5 9
ol_2978 1992 0 11 1 36 1 2 8 13
ol_2978 1992 23 1 11 -36 1 2 8 13
ol_3222 1992 13 3 9 -22 2 2 10 7
ol_3222 1992 0 9 3 22 2 2 10 7
ol_3230 1992 0 9 3 37 3 2 10 6
ol_3230 1992 13 3 9 -37 3 2 10 6
ol_4188 1992 22 2 10 81 1 2 9 10
ol_4188 1992 0 6 6 9 1 2 9 10
ol_4188 1992 13 1 11 45 1 2 9 10
ol_4188 1992 23 2 10 -39 1 2 9 10
ol_4188 1992 31 1 11 -96 1 2 9 10
ol_5132 1992 13 7 5 -84 3 2 10 13
ol_5132 1992 11 1 11 -21 3 2 10 13
ol_5132 1992 25 1 11 -21 3 2 10 13
ol_5132 1992 24 1 11 30 3 2 10 13
ol_5132 1992 23 2 10 96 3 2 10 13
ol_5394 1992 0 11 1 -110 2 2 8 6
ol_5394 1992 23 1 11 110 2 2 8 6
ol_5626 1992 0 11 1 10 1 2 9 5
ol_5626 1992 23 1 11 -10 1 2 9 5
ol_5628 1992 13 8 4 -120 3 2 10 8
ol_5628 1992 0 1 11 14 3 2 10 8
ol_5628 1992 22 1 11 46 3 2 10 8
ol_5628 1992 23 2 10 60 3 2 10 8
ol_5852 1992 0 4 8 6 3 2 9 9
ol_5852 1992 22 1 11 -37 3 2 9 9
ol_5852 1992 13 6 6 -66 3 2 9 9
ol_5852 1992 23 1 11 97 3 2 9 9
ol_5874 1992 13 4 6 -23 3 2 9 7
ol_5874 1992 0 1 9 42 3 2 9 7
ol_5874 1992 11 2 8 -145 3 2 9 7
ol_5874 1992 23 2 8 84 3 2 9 7
ol_5874 1992 22 1 9 42 3 2 9 7
ol_5882 1992 0 11 1 -4 1 2 8 6
ol_5882 1992 12 1 11 4 1 2 8 6
ol_6126 1992 0 10 2 150 1 2 10 5
ol_6126 1992 13 1 11 -67 1 2 10 5
ol_6126 1992 21 1 11 -83 1 2 10 5
ol_6592 1992 0 7 5 -78 1 2 10 12
ol_6592 1992 13 4 8 160 1 2 10 12
ol_6592 1992 23 1 11 -82 1 2 10 12
ol_7074 1992 0 11 1 -56 1 2 6 8
ol_7074 1992 23 1 11 56 1 2 6 8
ol_8150 1992 0 7 1 38 1 2 9 9
ol_8150 1992 13 1 7 -38 1 2 9 9
ol_8412 1992 0 5 1 54 1 2 10 7
ol_8412 1992 15 1 5 -54 1 2 10 7
ol_8522 1992 0 4 1 29 2 2 8 6
ol_8522 1992 13 1 4 -29 2 2 8 6
ol_8615 1996 23 1 1 0 1 2 7 11
ol_8615 1996 0 1 1 0 1 2 7 11
ol_8789 1996 11 1 1 1 1 2 10 2
ol_8789 1996 0 1 1 -1 1 2 10 2
ol_8843 2000 0 14 1 89 1 2 8 9
ol_8843 2000 23 1 14 -89 1 2 8 9
ol_9647 2000 0 11 5 298 1 2 8 8
ol_9647 2000 12 1 15 -122 1 2 8 8
ol_9647 2000 23 4 12 -176 1 2 8 8
ol_10120 2000 0 1 1 13 2 2 10 5
ol_10120 2000 13 1 1 -13 2 2 10 5
ol_10634 2000 0 2 2 -1 2 2 10 6
ol_10634 2000 13 2 2 1 2 2 10 6
ol_10762 2000 0 4 4 39 2 2 10 11
ol_10762 2000 13 3 5 -35 2 2 10 11
ol_10762 2000 23 1 7 -4 2 2 10 11
ol_10768 2000 0 5 3 -45 1 2 6 9
ol_10768 2000 23 3 5 45 1 2 6 9
ol_10882 2000 0 7 1 1 1 2 7 1
ol_10882 2000 23 1 7 -1 1 2 7 1
ol_11050 2000 23 2 2 0 1 2 10 15
ol_11050 2000 0 2 2 0 1 2 10 15
ol_11138 2000 0 3 1 12 1 2 8 9
ol_11138 2000 23 1 3 -12 1 2 8 9
ol_11330 2000 0 2 1 -17 2 2 10 14
ol_11330 2000 13 1 2 17 2 2 10 14
ol_11338 2000 23 1 3 -10 3 2 8 12
ol_11338 2000 22 1 3 10 3 2 8 12
ol_11338 2000 0 1 3 -10 3 2 8 12
ol_11338 2000 12 1 3 10 3 2 8 12
ol_11398 2000 0 3 1 9 1 2 10 12
ol_11398 2000 23 1 3 -9 1 2 10 12
ol_11678 2000 13 3 1 -12 1 2 10 8
ol_11678 2000 12 1 3 12 1 2 10 8
ol_11696 2000 0 2 2 0 2 2 5 7
ol_11696 2000 23 2 2 0 2 2 5 7
ol_11999 2000 13 1 1 0 3 2 9 4
ol_11999 2000 0 1 1 0 3 2 9 4
ol_12007 2000 23 2 2 -2 1 2 9 11
ol_12007 2000 0 2 2 2 1 2 9 11
ol_12360 2004 23 3 4 1 1 2 7 13
ol_12360 2004 0 4 3 -1 1 2 7 13
ol_12490 2004 0 5 2 -1 1 2 9 11
ol_12490 2004 13 1 6 -3 1 2 9 11
ol_12490 2004 23 1 6 4 1 2 9 11
ol_12492 2004 13 1 3 -12 3 2 8 9
ol_12492 2004 23 3 1 12 3 2 8 9
ol_12667 2004 0 6 2 -14 1 2 9 5
ol_12667 2004 23 1 7 -34 1 2 9 5
ol_12667 2004 13 1 7 48 1 2 9 5
ol_13092 2004 0 3 1 32 2 2 9 7
ol_13092 2004 13 1 3 -32 2 2 9 7
ol_13657 2004 0 3 1 -1 1 2 8 9
ol_13657 2004 23 1 3 1 1 2 8 9
ol_13665 2004 13 2 2 -16 2 2 10 9
ol_13665 2004 12 1 3 17 2 2 10 9
ol_13665 2004 0 1 3 -1 2 2 10 9
ol_13669 2004 13 3 1 -14 1 2 10 5
ol_13669 2004 23 1 3 14 1 2 10 5
ol_13953 2004 0 1 1 12 1 2 5 10
ol_13953 2004 22 1 1 -12 1 2 5 10
ol_14157 2004 0 2 3 -33 1 2 9 5
ol_14157 2004 13 2 3 22 1 2 9 5
ol_14157 2004 21 1 4 11 1 2 9 5
ol_14175 2004 0 7 1 -41 1 2 10 4
ol_14175 2004 13 1 7 41 1 2 10 4
ol_14520 2004 0 3 1 0 1 2 6 6
ol_14520 2004 23 1 3 0 1 2 6 6
ol_14612 2004 0 1 1 1 2 2 10 6
ol_14612 2004 13 1 1 -1 2 2 10 6
ol_14622 2004 0 1 1 0 1 2 10 9
ol_14622 2004 13 1 1 0 1 2 10 9
ol_14732 2004 0 2 2 42 1 2 10 11
ol_14732 2004 13 2 2 -42 1 2 10 11
sg_151 1997 13 1 1 -12 3 2 9 8
sg_151 1997 0 1 1 12 3 2 9 8
sg_177 1997 23 1 1 0 2 2 6 11
sg_177 1997 0 1 1 0 2 2 6 11
sg_473 1997 23 1 1 14 3 2 6 6
sg_473 1997 13 1 1 -14 3 2 6 6
sg_513 1997 0 1 1 12 1 2 7 9
sg_513 1997 22 1 1 -12 1 2 7 9
sg_619 1997 0 1 1 -2 1 2 8 7
sg_619 1997 22 1 1 2 1 2 8 7
sg_643 1998 0 1 1 -10 1 2 9 5
sg_643 1998 23 1 1 10 1 2 9 5
sg_1216 1999 23 1 1 6 3 2 10 16
sg_1216 1999 13 1 1 -6 3 2 10 16
sg_1515 2001 21 1 1 10 1 2 7 6
sg_1515 2001 0 1 1 -10 1 2 7 6
sg_1643 2001 23 1 1 -12 1 2 9 11
sg_1643 2001 0 1 1 12 1 2 9 11
sg_2067 2001 23 1 1 5 2 2 8 10
sg_2067 2001 0 1 1 -5 2 2 8 10
sg_2135 2001 13 1 1 0 1 2 8 12
sg_2135 2001 0 1 1 0 1 2 8 12
sg_2323 2002 31 1 1 -11 1 2 8 8
sg_2323 2002 0 1 1 11 1 2 8 8
sg_2509 2003 0 1 1 -13 1 2 6 8
sg_2509 2003 23 1 1 13 1 2 6 8
sg_2767 2004 0 2 1 13 2 2 9 10
sg_2767 2004 13 1 2 -13 2 2 9 10
sg_2789 2004 0 2 2 0 1 2 7 6
sg_2789 2004 21 1 3 22 1 2 7 6
sg_2789 2004 31 1 3 -22 1 2 7 6
sg_2793 2004 13 2 2 20 2 2 10 13
sg_2793 2004 0 2 2 -20 2 2 10 13
sg_2943 2005 0 1 1 -2 2 2 9 3
sg_2943 2005 23 1 1 2 2 2 9 3
sg_2959 2005 0 3 1 24 2 2 7 6
sg_2959 2005 22 1 3 -24 2 2 7 6
sg_2993 2005 23 1 3 -2 2 2 10 11
sg_2993 2005 13 2 2 0 2 2 10 11
sg_2993 2005 0 1 3 2 2 2 10 11
sg_3015 2005 0 3 1 -6 2 2 9 6
sg_3015 2005 13 1 3 6 2 2 9 6
sg_3680 2006 23 1 1 0 1 2 9 9
sg_3680 2006 0 1 1 0 1 2 9 9
sg_3756 2006 23 1 1 13 1 2 9 11
sg_3756 2006 0 1 1 -13 1 2 9 11
sg_4030 2006 0 1 1 -13 1 2 10 7
sg_4030 2006 13 1 1 13 1 2 10 7
sg_4142 2007 0 1 1 12 1 2 8 13
sg_4142 2007 22 1 1 -12 1 2 8 13
sg_4272 2007 0 1 3 -21 1 2 9 7
sg_4272 2007 23 3 1 21 1 2 9 7
sg_4284 2007 0 2 2 -36 1 2 9 3
sg_4284 2007 21 1 3 24 1 2 9 3
sg_4284 2007 13 1 3 12 1 2 9 3
sg_4762 2008 23 1 1 -11 2 2 8 9
sg_4762 2008 0 1 1 11 2 2 8 9
sg_4782 2008 0 1 1 13 1 2 6 8
sg_4782 2008 23 1 1 -13 1 2 6 8
sg_4810 2008 31 1 1 7 1 2 5 3
sg_4810 2008 0 1 1 -7 1 2 5 3
sg_4860 2008 23 1 1 1 1 2 7 10
sg_4860 2008 0 1 1 -1 1 2 7 10
sg_4870 2008 0 1 1 3 1 2 9 9
sg_4870 2008 23 1 1 -3 1 2 9 9
sg_5000 2008 0 1 1 -7 1 2 6 6
sg_5000 2008 23 1 1 7 1 2 6 6
sg_5109 2008 0 1 1 7 1 2 9 9
sg_5109 2008 23 1 1 -7 1 2 9 9
sg_5504 2009 13 2 2 2 3 2 10 9
sg_5504 2009 15 1 3 -10 3 2 10 9
sg_5504 2009 23 1 3 8 3 2 10 9
sg_5528 2009 0 3 1 0 1 2 8 9
sg_5528 2009 23 1 3 0 1 2 8 9
sg_5781 2009 0 1 1 -1 1 2 9 9
sg_5781 2009 23 1 1 1 1 2 9 9
sg_6159 2009 13 1 1 1 1 2 9 10
sg_6159 2009 0 1 1 -1 1 2 9 10
sg_6263 2010 0 1 1 11 2 2 10 7
sg_6263 2010 13 1 1 -11 2 2 10 7
sg_6415 2010 0 3 1 -12 1 2 10 5
sg_6415 2010 23 1 3 12 1 2 10 5
sg_6451 2010 13 3 1 -4 2 2 10 12
sg_6451 2010 0 1 3 4 2 2 10 12
sg_6527 2010 23 1 1 -12 1 2 10 0
sg_6527 2010 0 1 1 12 1 2 10 0
sg_6694 2010 0 1 1 6 2 2 8 6
sg_6694 2010 41 1 1 -6 2 2 8 6
sg_7079 2010 13 1 1 0 1 2 10 11
sg_7079 2010 0 1 1 0 1 2 10 11
sg_7179 2011 23 1 1 11 1 2 9 13
sg_7179 2011 0 1 1 -11 1 2 9 13
sg_8581 2013 13 1 1 0 1 2 9 7
sg_8581 2013 0 1 1 0 1 2 9 7
sg_8713 2013 22 1 1 -1 1 2 10 9
sg_8713 2013 0 1 1 1 1 2 10 9
sg_8741 2013 23 2 2 -4 2 2 8 6
sg_8741 2013 0 2 2 4 2 2 8 6
us_141 2000 13 1 1 0 2 2 10 8
us_141 2000 0 1 1 0 2 2 10 8
us_917 2001 0 1 1 -11 1 2 9 10
us_917 2001 23 1 1 11 1 2 9 10
us_1212 2001 13 2 2 2 1 2 10 2
us_1212 2001 21 2 2 -2 1 2 10 2
us_1385 2001 0 1 3 -3 1 2 5 10
us_1385 2001 23 1 3 1 1 2 5 10
us_1385 2001 22 2 2 2 1 2 5 10
us_1929 2002 13 1 3 -1 3 2 7 9
us_1929 2002 23 3 1 1 3 2 7 9
us_2560 2003 0 1 1 -11 2 2 10 9
us_2560 2003 13 1 1 11 2 2 10 9
us_2786 2004 22 1 1 8 1 2 6 9
us_2786 2004 0 1 1 -8 1 2 6 9
us_2806 2004 23 1 1 0 1 2 8 9
us_2806 2004 0 1 1 0 1 2 8 9
us_2860 2004 21 1 1 -1 1 2 10 6
us_2860 2004 0 1 1 1 1 2 10 6
us_3138 2004 0 2 1 -11 2 2 8 7
us_3138 2004 21 1 2 11 2 2 8 7
us_3184 2004 0 1 1 -2 2 2 6 2
us_3184 2004 13 1 1 2 2 2 6 2
us_3383 2004 13 1 1 0 3 2 8 7
us_3383 2004 0 1 1 0 3 2 8 7
us_3483 2004 13 1 1 -17 2 2 10 10
us_3483 2004 0 1 1 17 2 2 10 10
us_3523 2004 13 1 1 -10 1 2 9 11
us_3523 2004 0 1 1 10 1 2 9 11
us_4352 2005 22 1 1 5 2 2 8 12
us_4352 2005 0 1 1 -5 2 2 8 12
us_4747 2006 14 1 1 11 1 2 9 3
us_4747 2006 0 1 1 -11 1 2 9 3
us_4847 2006 23 1 1 0 1 2 8 11
us_4847 2006 0 1 1 0 1 2 8 11
us_5069 2006 0 3 1 -2 2 2 10 7
us_5069 2006 13 1 3 2 2 2 10 7
us_5107 2006 0 3 1 -6 1 2 10 7
us_5107 2006 13 1 3 6 1 2 10 7
us_5622 2007 0 1 1 -1 1 2 8 12
us_5622 2007 23 1 1 1 1 2 8 12
us_5632 2007 22 1 1 0 3 2 10 8
us_5632 2007 13 1 1 0 3 2 10 8
us_5674 2007 0 1 1 -2 2 2 8 7
us_5674 2007 23 1 1 2 2 2 8 7
us_5712 2007 0 3 1 11 2 2 8 8
us_5712 2007 23 1 3 -11 2 2 8 8
us_5906 2007 23 1 3 -7 1 2 5 9
us_5906 2007 0 3 1 7 1 2 5 9
us_6514 2007 23 1 3 6 1 2 8 9
us_6514 2007 0 3 1 -6 1 2 8 9
us_6528 2007 0 3 1 -39 1 2 5 11
us_6528 2007 22 1 3 39 1 2 5 11
us_6530 2007 13 1 1 7 2 2 10 8
us_6530 2007 0 1 1 -7 2 2 10 8
us_6914 2007 22 1 2 6 2 2 9 12
us_6914 2007 0 2 1 -6 2 2 9 12
us_7475 2008 0 2 2 -41 1 2 10 5
us_7475 2008 13 2 2 41 1 2 10 5
us_7563 2008 0 1 1 -10 3 2 8 11
us_7563 2008 13 1 1 10 3 2 8 11
us_7848 2008 23 1 2 21 2 2 6 8
us_7848 2008 0 2 1 -21 2 2 6 8
us_8781 2009 0 1 1 17 3 2 5 8
us_8781 2009 13 1 1 -17 3 2 5 8
us_8819 2009 13 1 1 6 3 2 10 9
us_8819 2009 22 1 1 -6 3 2 10 9
us_8941 2009 22 1 1 2 1 2 10 11
us_8941 2009 13 1 1 -2 1 2 10 11
us_8961 2009 0 3 1 14 3 2 5 1
us_8961 2009 12 1 3 -14 3 2 5 1
us_9356 2009 0 1 1 11 1 2 9 9
us_9356 2009 23 1 1 -11 1 2 9 9
us_9515 2009 0 1 1 -3 1 2 9 6
us_9515 2009 13 1 1 3 1 2 9 6
us_9629 2009 23 1 1 2 1 2 8 10
us_9629 2009 0 1 1 -2 1 2 8 10
us_9999 2009 0 1 1 -6 1 2 9 6
us_9999 2009 23 1 1 6 1 2 9 6
us_10232 2009 0 1 1 3 2 2 9 10
us_10232 2009 23 1 1 -3 2 2 9 10
us_10946 2009 13 1 1 13 1 2 10 7
us_10946 2009 0 1 1 -13 1 2 10 7
us_11249 2010 0 1 1 5 2 2 10 11
us_11249 2010 13 1 1 -5 2 2 10 11
us_11455 2010 0 3 1 -20 2 2 9 9
us_11455 2010 13 1 3 20 2 2 9 9
us_12008 2010 22 1 1 -1 1 2 7 13
us_12008 2010 0 1 1 1 1 2 7 13
us_12149 2010 22 1 1 -1 2 2 8 10
us_12149 2010 0 1 1 1 2 2 8 10
us_12817 2010 0 1 1 0 2 2 6 7
us_12817 2010 22 1 1 0 2 2 6 7
us_13229 2011 0 1 1 -10 1 2 9 2
us_13229 2011 13 1 1 10 1 2 9 2
us_13249 2011 23 1 1 0 2 2 9 12
us_13249 2011 0 1 1 0 2 2 9 12
us_13446 2011 13 1 1 0 2 2 10 3
us_13446 2011 0 1 1 0 2 2 10 3
us_13670 2011 13 1 1 12 1 2 9 9
us_13670 2011 0 1 1 -12 1 2 9 9
us_13802 2011 11 1 1 -11 1 2 10 11
us_13802 2011 21 1 1 11 1 2 10 11
us_13927 2011 13 1 1 10 3 2 6 7
us_13927 2011 0 1 1 -10 3 2 6 7
us_14049 2011 13 1 1 12 1 2 10 10
us_14049 2011 0 1 1 -12 1 2 10 10
us_14367 2011 23 1 1 4 1 2 7 10
us_14367 2011 0 1 1 -4 1 2 7 10
us_14904 2011 13 1 1 0 2 2 10 11
us_14904 2011 0 1 1 0 2 2 10 11
us_14974 2011 13 1 1 11 3 2 10 16
us_14974 2011 23 1 1 -11 3 2 10 16
us_15235 2011 11 1 1 10 1 2 10 4
us_15235 2011 0 1 1 -10 1 2 10 4
us_15281 2011 23 1 1 13 2 2 5 2
us_15281 2011 0 1 1 -13 2 2 5 2
us_16047 2012 13 1 1 -11 2 2 9 8
us_16047 2012 0 1 1 11 2 2 9 8
us_16207 2012 13 1 1 -5 1 2 10 1
us_16207 2012 0 1 1 5 1 2 10 1
us_16301 2012 13 1 1 -4 3 2 10 7
us_16301 2012 0 1 1 4 3 2 10 7
us_16405 2012 0 1 1 5 1 2 9 13
us_16405 2012 23 1 1 -5 1 2 9 13
us_16421 2012 13 1 1 0 3 2 7 9
us_16421 2012 0 1 1 0 3 2 7 9
us_16551 2012 23 1 1 6 1 2 9 10
us_16551 2012 13 1 1 -6 1 2 9 10
us_16709 2012 23 1 1 -6 2 2 7 7
us_16709 2012 0 1 1 6 2 2 7 7
us_17141 2012 22 1 1 -5 1 2 8 11
us_17141 2012 0 1 1 5 1 2 8 11
vb_47 1997 0 1 1 -14 1 2 10 9
vb_47 1997 13 1 1 14 1 2 10 9
vb_183 1998 23 1 1 12 1 2 7 5
vb_183 1998 0 1 1 -12 1 2 7 5
vb_230 1998 0 1 1 5 2 2 10 8
vb_230 1998 13 1 1 -5 2 2 10 8
vb_264 1999 13 1 1 -1 2 2 10 6
vb_264 1999 15 1 1 1 2 2 10 6
vb_364 1999 12 1 1 -5 1 2 10 2
vb_364 1999 13 1 1 5 1 2 10 2
vb_427 2001 0 1 1 1 1 2 5 1
vb_427 2001 23 1 1 -1 1 2 5 1
vb_588 2002 0 1 1 -12 1 2 9 8
vb_588 2002 22 1 1 12 1 2 9 8
vb_815 2004 0 1 1 0 3 2 9 9
vb_815 2004 13 1 1 0 3 2 9 9
vb_1591 2006 23 1 1 2 1 2 10 5
vb_1591 2006 0 1 1 -2 1 2 10 5
vb_1661 2006 0 1 1 -11 3 2 7 8
vb_1661 2006 32 1 1 11 3 2 7 8
vb_1827 2006 23 2 2 17 1 2 8 10
vb_1827 2006 0 2 2 -17 1 2 8 10
vb_2261 2007 23 1 1 -3 2 2 10 13
vb_2261 2007 0 1 1 3 2 2 10 13
vb_2490 2008 0 1 1 0 2 2 10 8
vb_2490 2008 13 1 1 0 2 2 10 8
vb_2650 2008 0 3 1 -23 1 2 9 18
vb_2650 2008 23 1 3 23 1 2 9 18
vb_2726 2008 23 1 1 -3 1 2 7 9
vb_2726 2008 0 1 1 3 1 2 7 9
vb_2898 2008 23 1 1 -15 1 2 10 7
vb_2898 2008 0 1 1 15 1 2 10 7
vb_3061 2008 13 1 1 10 1 2 10 4
vb_3061 2008 0 1 1 -10 1 2 10 4
vb_3105 2009 23 1 1 3 2 2 10 12
vb_3105 2009 13 1 1 -3 2 2 10 12
vb_3434 2009 13 1 1 0 1 2 10 19
vb_3434 2009 0 1 1 0 1 2 10 19
vb_4051 2010 23 1 3 34 1 2 10 13
vb_4051 2010 0 3 1 -34 1 2 10 13
vb_4105 2010 12 3 1 30 1 2 10 2
vb_4105 2010 13 1 3 -30 1 2 10 2
vb_4125 2010 13 2 2 -14 1 2 10 12
vb_4125 2010 0 2 2 14 1 2 10 12
vb_4159 2010 13 1 3 6 1 2 10 6
vb_4159 2010 0 3 1 -6 1 2 10 6
vb_4317 2010 0 3 1 4 2 2 8 6
vb_4317 2010 12 1 3 -4 2 2 8 6
vb_4351 2010 23 1 3 0 2 2 5 5
vb_4351 2010 0 3 1 0 2 2 5 5
vb_4379 2010 23 3 1 1 1 2 7 11
vb_4379 2010 0 1 3 -1 1 2 7 11
vb_4403 2010 0 1 1 5 2 2 10 9
vb_4403 2010 13 1 1 -5 2 2 10 9
vb_5570 2012 0 1 1 -1 2 2 10 11
vb_5570 2012 13 1 1 1 2 2 10 11
vb_5837 2013 23 1 1 8 1 2 8 11
vb_5837 2013 0 1 1 -8 1 2 8 11
vb_6203 2013 23 1 1 -1 1 2 5 6
vb_6203 2013 0 1 1 1 1 2 5 6
vb_6249 2013 0 1 1 3 1 2 9 8
vb_6249 2013 23 1 1 -3 1 2 9 8
vb_6311 2013 0 1 1 0 1 2 10 10
vb_6311 2013 13 1 1 0 1 2 10 10
vb_6475 2013 22 1 1 0 1 2 9 6
vb_6475 2013 0 1 1 0 1 2 9 6
vb_6549 2013 0 3 1 2 2 2 10 9
vb_6549 2013 13 1 3 -2 2 2 10 9
vb_6821 2014 23 1 1 -11 1 2 5 9
vb_6821 2014 0 1 1 11 1 2 5 9
vb_6865 2014 0 1 1 -9 1 2 10 7
vb_6865 2014 13 1 1 9 1 2 10 7
