id year bid n1 n2 imps hand suit hcp suitq
bb9_234 1995 14 1 1 8 1 1 10 9
bb9_234 1995 0 1 1 -8 1 1 10 9
bb9_491 1995 0 1 1 4 1 1 10 8
bb9_491 1995 12 1 1 -4 1 1 10 8
bb9_535 1997 14 1 1 0 1 1 10 11
bb9_535 1997 0 1 1 0 1 1 10 11
bb9_675 1997 0 1 1 0 1 1 6 1
bb9_675 1997 24 1 1 0 1 1 6 1
bb9_699 1997 14 1 1 12 3 1 8 5
bb9_699 1997 0 1 1 -12 3 1 8 5
bb9_1087 1997 24 1 1 0 1 1 6 2
bb9_1087 1997 0 1 1 0 1 1 6 2
bb9_1125 1997 24 1 1 0 1 1 5 8
bb9_1125 1997 0 1 1 0 1 1 5 8
bb9_1313 1997 0 1 1 5 1 1 6 3
bb9_1313 1997 22 1 1 -5 1 1 6 3
bb9_1561 1997 0 1 1 11 1 1 9 8
bb9_1561 1997 14 1 1 -11 1 1 9 8
bb9_1729 2000 22 1 1 -4 2 1 9 11
bb9_1729 2000 0 1 1 4 2 1 9 11
bb9_2049 2000 24 3 1 -1 3 1 8 9
bb9_2049 2000 14 1 3 1 3 1 8 9
bb9_2115 2000 0 3 1 -31 1 1 9 12
bb9_2115 2000 22 1 3 31 1 1 9 12
bb9_2966 2003 0 1 1 10 1 1 8 1
bb9_2966 2003 24 1 1 -10 1 1 8 1
bb9_3183 2003 0 1 1 0 2 1 6 3
bb9_3183 2003 22 1 1 0 2 1 6 3
bb9_3268 2003 0 1 1 0 2 1 10 7
bb9_3268 2003 14 1 1 0 2 1 10 7
bb9_3302 2003 14 1 2 17 1 1 9 6
bb9_3302 2003 0 2 1 -17 1 1 9 6
bb9_3378 2003 14 1 1 -5 3 1 10 11
bb9_3378 2003 24 1 1 5 3 1 10 11
bb9_3393 2003 22 1 1 11 2 1 8 8
bb9_3393 2003 0 1 1 -11 2 1 8 8
bb9_3503 2003 22 1 1 0 1 1 6 12
bb9_3503 2003 24 1 1 0 1 1 6 12
bb9_3588 2003 0 2 1 -1 1 1 10 10
bb9_3588 2003 14 1 2 1 1 1 10 10
bb9_3814 2003 22 1 2 -22 1 1 9 8
bb9_3814 2003 14 1 2 10 1 1 9 8
bb9_3814 2003 0 1 2 12 1 1 9 8
bb9_4685 2005 14 1 1 -11 3 1 8 10
bb9_4685 2005 0 1 1 11 3 1 8 10
bb9_4703 2005 22 1 1 -4 1 1 9 13
bb9_4703 2005 0 1 1 4 1 1 9 13
bb9_4782 2005 0 1 4 5 2 1 10 10
bb9_4782 2005 14 3 2 15 2 1 10 10
bb9_4782 2005 24 1 4 -20 2 1 10 10
bb9_5162 2005 0 2 1 0 1 1 9 11
bb9_5162 2005 14 1 2 0 1 1 9 11
bb9_5406 2005 13 1 1 7 1 1 10 12
bb9_5406 2005 24 1 1 -7 1 1 10 12
bb9_5660 2005 14 1 2 -1 3 1 9 11
bb9_5660 2005 24 1 2 -1 3 1 9 11
bb9_5660 2005 34 1 2 2 3 1 9 11
bb9_6027 2005 14 1 1 0 3 1 5 12
bb9_6027 2005 0 1 1 0 3 1 5 12
bb9_6051 2005 14 2 2 39 1 1 10 10
bb9_6051 2005 24 1 3 -14 1 1 10 10
bb9_6051 2005 0 1 3 -25 1 1 10 10
bb9_6136 2005 0 4 2 -26 1 1 8 9
bb9_6136 2005 24 2 4 26 1 1 8 9
bb9_6156 2005 14 1 1 -11 3 1 8 4
bb9_6156 2005 0 1 1 11 3 1 8 4
bb9_6481 2007 0 1 1 -5 2 1 8 5
bb9_6481 2007 22 1 1 5 2 1 8 5
bb9_6483 2007 0 1 1 11 1 1 10 9
bb9_6483 2007 22 1 1 -11 1 1 10 9
bb9_6708 2007 24 2 2 -17 1 1 5 6
bb9_6708 2007 22 1 3 18 1 1 5 6
bb9_6708 2007 0 1 3 -1 1 1 5 6
bb9_6756 2007 14 2 2 21 1 1 10 6
bb9_6756 2007 0 2 2 -21 1 1 10 6
bb9_7012 2007 14 1 3 6 1 1 10 9
bb9_7012 2007 0 3 1 -6 1 1 10 9
bb9_7108 2007 0 1 3 11 3 1 6 7
bb9_7108 2007 24 3 1 -11 3 1 6 7
bb9_7320 2007 0 1 1 -6 2 1 8 10
bb9_7320 2007 24 1 1 6 2 1 8 10
bb9_7426 2007 25 1 1 -13 2 1 7 7
bb9_7426 2007 0 1 1 13 2 1 7 7
bb9_7444 2007 14 1 1 -5 1 1 9 11
bb9_7444 2007 0 1 1 5 1 1 9 11
bb9_7697 2007 24 1 3 -17 1 1 6 7
bb9_7697 2007 0 3 1 17 1 1 6 7
bb9_7825 2007 24 1 1 -6 1 1 5 4
bb9_7825 2007 22 1 1 6 1 1 5 4
bb9_7907 2009 0 3 1 -19 2 1 9 8
bb9_7907 2009 24 1 3 19 2 1 9 8
bb9_8206 2009 14 3 1 -2 1 1 10 11
bb9_8206 2009 24 1 3 2 1 1 10 11
bb9_8242 2009 14 3 1 22 1 1 10 7
bb9_8242 2009 0 1 3 -22 1 1 10 7
bb9_8264 2009 0 3 1 20 1 1 6 9
bb9_8264 2009 24 1 3 -20 1 1 6 9
bb9_8282 2009 14 1 1 0 1 1 10 17
bb9_8282 2009 24 1 1 0 1 1 10 17
bb9_8302 2009 0 3 1 25 1 1 6 6
bb9_8302 2009 24 1 3 -25 1 1 6 6
bb9_8306 2009 24 2 2 9 1 1 7 9
bb9_8306 2009 0 2 2 -9 1 1 7 9
bb9_8386 2009 24 1 1 0 2 1 8 8
bb9_8386 2009 0 1 1 0 2 1 8 8
bb9_8464 2009 24 4 2 102 1 1 5 10
bb9_8464 2009 0 2 4 -102 1 1 5 10
bb9_8518 2009 24 3 1 -12 2 1 7 8
bb9_8518 2009 0 1 3 12 2 1 7 8
bb9_8529 2009 24 2 2 0 2 1 10 11
bb9_8529 2009 0 2 2 0 2 1 10 11
bb9_9101 2009 24 1 5 -21 1 1 8 6
bb9_9101 2009 0 5 1 21 1 1 8 6
bb9_9105 2009 14 2 2 16 2 1 10 6
bb9_9105 2009 0 1 3 1 2 1 10 6
bb9_9105 2009 24 1 3 -17 2 1 10 6
bb9_9628 2009 0 7 1 30 1 1 8 6
bb9_9628 2009 24 1 7 -30 1 1 8 6
bb9_9852 2009 14 2 3 18 2 1 10 14
bb9_9852 2009 0 2 3 -10 2 1 10 14
bb9_9852 2009 24 1 4 -8 2 1 10 14
bb9_10333 2009 0 3 3 0 2 1 10 13
bb9_10333 2009 24 2 4 0 2 1 10 13
bb9_10333 2009 14 1 5 0 2 1 10 13
bb9_10774 2009 24 2 2 -54 1 1 7 12
bb9_10774 2009 0 2 2 54 1 1 7 12
bb9_11504 2011 0 9 1 25 1 1 7 9
bb9_11504 2011 24 1 9 -25 1 1 7 9
bb9_11648 2011 14 2 4 -12 1 1 10 10
bb9_11648 2011 13 1 5 30 1 1 10 10
bb9_11648 2011 0 3 3 -18 1 1 10 10
bb9_11750 2011 0 1 1 0 2 1 5 7
bb9_11750 2011 24 1 1 0 2 1 5 7
bb9_12144 2011 14 2 5 2 3 1 8 6
bb9_12144 2011 0 5 2 -2 3 1 8 6
bb9_12607 2011 0 3 3 16 1 1 6 3
bb9_12607 2011 24 3 3 -16 1 1 6 3
bb9_12837 2011 0 5 1 -8 1 1 9 5
bb9_12837 2011 24 1 5 8 1 1 9 5
bb9_13343 2011 0 6 1 -33 2 1 8 14
bb9_13343 2011 24 1 6 33 2 1 8 14
bb9_13507 2011 0 2 4 -12 2 1 10 5
bb9_13507 2011 24 1 5 -6 2 1 10 5
bb9_13507 2011 14 3 3 18 2 1 10 5
bb9_13617 2011 24 1 3 -2 3 1 9 10
bb9_13617 2011 14 2 2 20 3 1 9 10
bb9_13617 2011 0 1 3 -18 3 1 9 10
bb9_13757 2011 0 1 2 12 2 1 10 7
bb9_13757 2011 14 2 1 -12 2 1 10 7
bb9_13933 2011 0 3 1 18 2 1 9 10
bb9_13933 2011 14 1 3 -18 2 1 9 10
bb9_14069 2011 0 2 1 -11 2 1 9 11
bb9_14069 2011 24 1 2 11 2 1 9 11
bb9_14579 2013 21 1 3 0 3 1 8 7
bb9_14579 2013 14 2 2 0 3 1 8 7
bb9_14579 2013 24 1 3 0 3 1 8 7
bb9_14589 2013 24 1 2 0 1 1 7 8
bb9_14589 2013 0 2 1 0 1 1 7 8
bb9_14599 2013 0 3 1 -2 1 1 7 5
bb9_14599 2013 24 1 3 2 1 1 7 5
bb9_15057 2013 0 5 1 30 1 1 5 12
bb9_15057 2013 22 1 5 -30 1 1 5 12
bb9_15273 2013 0 3 1 26 1 1 10 9
bb9_15273 2013 14 1 3 -26 1 1 10 9
bb9_15331 2013 24 1 2 6 3 1 6 12
bb9_15331 2013 14 1 2 -17 3 1 6 12
bb9_15331 2013 0 1 2 11 3 1 6 12
ca_1816 2008 24 1 1 -12 1 1 8 9
ca_1816 2008 0 1 1 12 1 1 8 9
ca_1826 2008 14 1 1 -14 1 1 10 10
ca_1826 2008 24 1 1 14 1 1 10 10
dt_35 1997 24 1 1 2 3 1 9 7
dt_35 1997 22 1 1 -2 3 1 9 7
dt_127 1997 24 1 1 -8 2 1 7 15
dt_127 1997 0 1 1 8 2 1 7 15
dt_217 1998 22 1 1 0 1 1 7 5
dt_217 1998 0 1 1 0 1 1 7 5
dt_353 1999 0 1 1 -4 1 1 8 3
dt_353 1999 24 1 1 4 1 1 8 3
dt_366 1999 24 1 1 10 1 1 8 11
dt_366 1999 22 1 1 -10 1 1 8 11
dt_670 2000 24 1 1 1 2 1 9 9
dt_670 2000 0 1 1 -1 2 1 9 9
dt_820 2001 14 1 1 7 1 1 10 8
dt_820 2001 0 1 1 -7 1 1 10 8
dt_934 2003 24 1 1 6 1 1 8 7
dt_934 2003 0 1 1 -6 1 1 8 7
dt_946 2003 14 1 1 -3 2 1 10 7
dt_946 2003 0 1 1 3 2 1 10 7
dt_1008 2003 24 1 1 -1 1 1 7 10
dt_1008 2003 22 1 1 1 1 1 7 10
dt_1222 2005 24 1 1 -5 1 1 6 11
dt_1222 2005 0 1 1 5 1 1 6 11
dt_1384 2006 0 1 1 0 1 1 9 1
dt_1384 2006 24 1 1 0 1 1 9 1
dt_1448 2006 24 1 1 1 1 1 8 4
dt_1448 2006 0 1 1 -1 1 1 8 4
dt_1611 2009 24 1 1 1 1 1 8 3
dt_1611 2009 0 1 1 -1 1 1 8 3
dt_1631 2009 24 1 1 2 1 1 8 9
dt_1631 2009 0 1 1 -2 1 1 8 9
dt_1867 2011 14 1 1 12 1 1 10 14
dt_1867 2011 0 1 1 -12 1 1 10 14
dt_1985 2011 24 1 1 -2 1 1 7 10
dt_1985 2011 0 1 1 2 1 1 7 10
dt_2116 2012 24 1 1 -4 1 1 8 12
dt_2116 2012 0 1 1 4 1 1 8 12
dt_2154 2012 0 1 1 -6 1 1 8 6
dt_2154 2012 24 1 1 6 1 1 8 6
dt_2210 2013 0 1 1 0 1 1 8 8
dt_2210 2013 24 1 1 0 1 1 8 8
ec_235 1998 14 1 1 -2 1 1 9 12
ec_235 1998 0 1 1 2 1 1 9 12
ec_273 1998 24 1 1 -1 1 1 5 5
ec_273 1998 0 1 1 1 1 1 5 5
ec_321 1998 24 1 1 0 1 1 9 8
ec_321 1998 0 1 1 0 1 1 9 8
ec_357 1998 24 1 1 -1 1 1 7 9
ec_357 1998 0 1 1 1 1 1 7 9
ec_377 1998 22 1 1 6 1 1 9 16
ec_377 1998 24 1 1 -6 1 1 9 16
ec_515 1998 34 1 1 1 1 1 5 9
ec_515 1998 24 1 1 -1 1 1 5 9
ec_529 1998 0 1 1 -12 1 1 9 9
ec_529 1998 14 1 1 12 1 1 9 9
ec_669 1998 24 1 1 2 3 1 9 12
ec_669 1998 14 1 1 -2 3 1 9 12
ec_713 1998 14 1 1 -8 1 1 9 7
ec_713 1998 0 1 1 8 1 1 9 7
ec_723 1998 0 1 1 -1 1 1 8 4
ec_723 1998 24 1 1 1 1 1 8 4
ec_821 1999 0 1 1 -4 2 1 9 5
ec_821 1999 24 1 1 4 2 1 9 5
ec_1177 2001 0 5 1 13 1 1 9 12
ec_1177 2001 22 1 5 -13 1 1 9 12
ec_1293 2001 14 1 3 42 1 1 10 6
ec_1293 2001 0 3 1 -42 1 1 10 6
ec_1673 2004 0 4 5 15 1 1 8 10
ec_1673 2004 24 5 4 -15 1 1 8 10
ec_1683 2004 0 7 3 -12 1 1 9 12
ec_1683 2004 22 1 9 14 1 1 9 12
ec_1683 2004 24 2 8 -2 1 1 9 12
ec_2079 2004 14 7 1 35 1 1 10 7
ec_2079 2004 0 1 7 -35 1 1 10 7
ec_2439 2004 24 1 4 0 3 1 9 10
ec_2439 2004 14 4 1 0 3 1 9 10
ec_2479 2004 24 3 5 2 2 1 6 8
ec_2479 2004 0 5 3 -2 2 1 6 8
ec_2497 2004 24 2 6 -17 2 1 8 10
ec_2497 2004 0 6 2 17 2 1 8 10
ec_2697 2004 24 2 6 2 2 1 10 5
ec_2697 2004 0 3 5 -9 2 1 10 5
ec_2697 2004 14 2 6 -6 2 1 10 5
ec_2697 2004 11 1 7 13 2 1 10 5
ec_2701 2004 0 3 5 -21 1 1 5 5
ec_2701 2004 24 3 5 17 1 1 5 5
ec_2701 2004 23 1 7 -21 1 1 5 5
ec_2701 2004 22 1 7 25 1 1 5 5
ec_2832 2004 0 8 1 11 2 1 10 6
ec_2832 2004 14 1 8 -11 2 1 10 6
ec_3651 2004 0 6 1 1 1 1 7 6
ec_3651 2004 24 1 6 -1 1 1 7 6
ec_3824 2004 0 5 5 85 2 1 10 12
ec_3824 2004 14 2 8 -44 2 1 10 12
ec_3824 2004 24 3 7 -41 2 1 10 12
ec_3805 2004 0 7 1 -37 1 1 10 7
ec_3805 2004 24 1 7 37 1 1 10 7
ec_4723 2004 0 2 1 12 2 1 10 8
ec_4723 2004 14 1 2 -12 2 1 10 8
ec_5072 2004 22 1 7 2 1 1 7 9
ec_5072 2004 0 6 2 -4 1 1 7 9
ec_5072 2004 24 1 7 2 1 1 7 9
ec_5288 2004 0 5 5 28 1 1 9 9
ec_5288 2004 24 5 5 -28 1 1 9 9
ec_5292 2004 24 4 4 -58 1 1 9 9
ec_5292 2004 0 4 4 58 1 1 9 9
ec_5897 2004 14 2 6 18 1 1 9 13
ec_5897 2004 0 6 2 -18 1 1 9 13
ec_6435 2004 24 1 9 12 1 1 9 9
ec_6435 2004 14 5 5 31 1 1 9 9
ec_6435 2004 42 1 9 12 1 1 9 9
ec_6435 2004 0 2 8 -67 1 1 9 9
ec_6435 2004 22 1 9 12 1 1 9 9
ec_6457 2004 24 1 9 -64 2 1 8 12
ec_6457 2004 0 8 2 103 2 1 8 12
ec_6457 2004 23 1 9 -39 2 1 8 12
ec_6635 2004 14 3 5 -7 1 1 9 6
ec_6635 2004 0 4 4 19 1 1 9 6
ec_6635 2004 24 1 7 -12 1 1 9 6
ec_7549 2006 14 1 1 -5 1 1 10 10
ec_7549 2006 0 1 1 5 1 1 10 10
ec_7687 2006 14 1 1 -6 2 1 10 11
ec_7687 2006 0 1 1 6 2 1 10 11
ec_7839 2006 24 1 1 11 1 1 10 7
ec_7839 2006 0 1 1 -11 1 1 10 7
ec_8037 2006 0 1 1 12 1 1 6 5
ec_8037 2006 24 1 1 -12 1 1 6 5
ec_8226 2006 24 1 1 11 2 1 10 16
ec_8226 2006 14 1 1 -11 2 1 10 16
ec_8255 2006 0 1 1 0 2 1 10 7
ec_8255 2006 14 1 1 0 2 1 10 7
ec_8271 2006 14 1 1 5 1 1 9 10
ec_8271 2006 24 1 1 -5 1 1 9 10
ec_8305 2006 0 1 1 11 1 1 7 4
ec_8305 2006 22 1 1 -11 1 1 7 4
ec_8571 2007 14 5 5 30 3 1 7 2
ec_8571 2007 24 2 8 -16 3 1 7 2
ec_8571 2007 0 3 7 -14 3 1 7 2
ec_8641 2007 0 11 1 -12 2 1 7 2
ec_8641 2007 22 1 11 12 2 1 7 2
ec_9749 2007 51 2 8 81 1 1 5 6
ec_9749 2007 0 5 5 3 1 1 5 6
ec_9749 2007 24 1 9 -83 1 1 5 6
ec_9749 2007 31 1 9 -83 1 1 5 6
ec_9749 2007 41 1 9 82 1 1 5 6
ec_9751 2007 22 3 7 -156 1 1 7 11
ec_9751 2007 0 1 9 -3 1 1 7 11
ec_9751 2007 24 6 4 159 1 1 7 11
ec_9837 2007 14 2 6 16 1 1 10 5
ec_9837 2007 0 5 3 70 1 1 10 5
ec_9837 2007 24 1 7 -86 1 1 10 5
ec_10260 2008 22 1 12 -5 2 1 6 7
ec_10260 2008 0 11 2 -3 2 1 6 7
ec_10260 2008 14 1 12 8 2 1 6 7
ec_10394 2008 0 8 6 80 1 1 9 11
ec_10394 2008 15 1 13 35 1 1 9 11
ec_10394 2008 24 4 10 -179 1 1 9 11
ec_10394 2008 14 1 13 64 1 1 9 11
ec_10659 2008 0 8 6 -30 1 1 7 10
ec_10659 2008 24 6 8 30 1 1 7 10
ec_10663 2008 0 8 5 -206 2 1 8 14
ec_10663 2008 24 4 9 305 2 1 8 14
ec_10663 2008 22 1 12 -99 2 1 8 14
ec_10669 2008 0 9 5 -343 1 1 8 7
ec_10669 2008 24 4 10 276 1 1 8 7
ec_10669 2008 22 1 13 67 1 1 8 7
ec_10691 2008 0 4 1 -3 1 1 6 3
ec_10691 2008 24 1 4 3 1 1 6 3
ec_10950 2008 0 11 2 -2 1 1 6 2
ec_10950 2008 24 1 12 -36 1 1 6 2
ec_10950 2008 11 1 12 38 1 1 6 2
ec_11198 2008 22 1 15 -34 1 1 5 4
ec_11198 2008 0 14 2 -92 1 1 5 4
ec_11198 2008 24 1 15 126 1 1 5 4
ec_12667 2008 0 1 4 8 3 1 10 0
ec_12667 2008 14 4 1 -8 3 1 10 0
ec_12853 2008 0 7 5 105 1 1 9 7
ec_12853 2008 14 2 10 -66 1 1 9 7
ec_12853 2008 24 3 9 -39 1 1 9 7
ec_12859 2008 0 6 6 6 1 1 8 7
ec_12859 2008 24 5 7 -5 1 1 8 7
ec_12859 2008 22 1 11 -1 1 1 8 7
ec_13090 2008 14 6 6 -84 1 1 10 8
ec_13090 2008 0 5 7 117 1 1 10 8
ec_13090 2008 24 1 11 -33 1 1 10 8
ec_13574 2008 0 10 1 32 1 1 8 7
ec_13574 2008 24 1 10 -32 1 1 8 7
ec_14474 2008 0 5 9 229 1 1 9 14
ec_14474 2008 23 1 13 -109 1 1 9 14
ec_14474 2008 14 2 12 39 1 1 9 14
ec_14474 2008 24 6 8 -159 1 1 9 14
ec_14800 2008 0 3 4 -20 1 1 10 12
ec_14800 2008 14 3 4 80 1 1 10 12
ec_14800 2008 24 1 6 -60 1 1 10 12
ec_14991 2008 12 1 5 -1 3 1 8 4
ec_14991 2008 0 2 4 -31 3 1 8 4
ec_14991 2008 14 3 3 32 3 1 8 4
ec_15237 2008 0 11 1 80 1 1 5 3
ec_15237 2008 24 1 11 -80 1 1 5 3
ec_15251 2008 0 5 7 -85 1 1 10 6
ec_15251 2008 14 5 7 27 1 1 10 6
ec_15251 2008 24 1 11 29 1 1 10 6
ec_15251 2008 15 1 11 29 1 1 10 6
ec_15483 2008 0 5 7 -60 1 1 10 9
ec_15483 2008 14 5 7 20 1 1 10 9
ec_15483 2008 24 1 11 -1 1 1 10 9
ec_15483 2008 22 1 11 41 1 1 10 9
ec_15499 2008 0 11 1 4 1 1 7 12
ec_15499 2008 24 1 11 -4 1 1 7 12
ec_15733 2008 22 2 12 6 1 1 9 8
ec_15733 2008 24 6 8 4 1 1 9 8
ec_15733 2008 0 6 8 -10 1 1 9 8
ec_15999 2008 0 5 1 19 3 1 6 6
ec_15999 2008 14 1 5 -19 3 1 6 6
ec_16003 2008 0 10 2 105 1 1 9 12
ec_16003 2008 14 1 11 -130 1 1 9 12
ec_16003 2008 22 1 11 25 1 1 9 12
ec_16228 2008 0 8 4 32 1 1 7 9
ec_16228 2008 24 4 8 -32 1 1 7 9
ec_16254 2008 0 9 1 1 2 1 8 5
ec_16254 2008 24 1 9 -1 2 1 8 5
ec_16684 2008 24 1 8 -50 1 1 10 9
ec_16684 2008 0 6 3 -28 1 1 10 9
ec_16684 2008 14 1 8 77 1 1 10 9
ec_16684 2008 15 1 8 1 1 1 10 9
ec_17115 2008 0 4 4 20 3 1 6 7
ec_17115 2008 24 1 7 42 3 1 6 7
ec_17115 2008 14 2 6 4 3 1 6 7
ec_17115 2008 22 1 7 -66 3 1 6 7
ec_17135 2008 0 7 4 -26 1 1 9 9
ec_17135 2008 24 3 8 -10 1 1 9 9
ec_17135 2008 14 1 10 36 1 1 9 9
ec_18058 2008 22 2 9 14 2 1 8 13
ec_18058 2008 0 6 5 -35 2 1 8 13
ec_18058 2008 24 3 8 21 2 1 8 13
ec_18941 2008 14 2 3 -57 3 1 10 5
ec_18941 2008 0 2 3 8 3 1 10 5
ec_18941 2008 24 1 4 49 3 1 10 5
ec_18949 2008 0 5 1 -25 1 1 7 6
ec_18949 2008 24 1 5 25 1 1 7 6
ec_19330 2009 0 3 1 -4 2 1 9 3
ec_19330 2009 24 1 3 4 2 1 9 3
ec_19498 2009 0 2 1 10 1 1 10 4
ec_19498 2009 14 1 2 -10 1 1 10 4
ec_19500 2009 14 3 1 2 2 1 10 10
ec_19500 2009 0 1 3 -2 2 1 10 10
ec_19618 2009 24 1 3 44 1 1 9 13
ec_19618 2009 0 3 1 -44 1 1 9 13
ec_19722 2009 0 1 3 12 2 1 8 6
ec_19722 2009 24 3 1 -12 2 1 8 6
ec_19834 2009 0 3 1 -41 1 1 10 7
ec_19834 2009 14 1 3 41 1 1 10 7
ec_20059 2009 24 1 3 2 1 1 8 13
ec_20059 2009 0 3 1 -2 1 1 8 13
ec_20259 2009 0 3 1 3 1 1 9 7
ec_20259 2009 24 1 3 -3 1 1 9 7
ec_20297 2009 0 3 1 -13 1 1 6 7
ec_20297 2009 24 1 3 13 1 1 6 7
ec_20783 2009 24 3 1 -8 1 1 7 10
ec_20783 2009 0 1 3 8 1 1 7 10
ec_20795 2009 14 3 1 3 1 1 10 6
ec_20795 2009 24 1 3 -3 1 1 10 6
ec_20895 2009 0 2 2 0 1 1 8 7
ec_20895 2009 24 2 2 0 1 1 8 7
ec_20981 2009 0 3 1 6 2 1 9 5
ec_20981 2009 24 1 3 -6 2 1 9 5
ec_20995 2009 0 1 3 16 2 1 10 11
ec_20995 2009 14 3 1 -16 2 1 10 11
ol_69 1992 0 5 1 52 1 1 6 9
ol_69 1992 23 1 5 -52 1 1 6 9
ol_1318 1992 0 7 2 -26 2 1 6 7
ol_1318 1992 22 1 8 13 2 1 6 7
ol_1318 1992 24 1 8 13 2 1 6 7
ol_1562 1992 14 6 4 -19 3 1 9 11
ol_1562 1992 23 1 9 -10 3 1 9 11
ol_1562 1992 24 1 9 48 3 1 9 11
ol_1562 1992 0 1 9 -9 3 1 9 11
ol_1562 1992 22 1 9 -10 3 1 9 11
ol_1794 1992 0 5 7 -54 1 1 6 6
ol_1794 1992 24 3 9 69 1 1 6 6
ol_1794 1992 22 3 9 -119 1 1 6 6
ol_1794 1992 23 1 11 104 1 1 6 6
ol_1804 1992 0 11 1 -8 1 1 7 8
ol_1804 1992 24 1 11 8 1 1 7 8
ol_2044 1992 0 7 5 -135 1 1 10 3
ol_2044 1992 14 5 7 135 1 1 10 3
ol_2740 1992 0 11 1 64 1 1 9 8
ol_2740 1992 24 1 11 -64 1 1 9 8
ol_2748 1992 24 4 6 -34 3 1 9 9
ol_2748 1992 23 1 9 10 3 1 9 9
ol_2748 1992 14 4 6 12 3 1 9 9
ol_2748 1992 22 1 9 12 3 1 9 9
ol_2978 1992 14 4 7 -150 2 1 10 11
ol_2978 1992 0 7 4 150 2 1 10 11
ol_3004 1992 14 5 7 139 1 1 9 13
ol_3004 1992 0 7 5 -139 1 1 9 13
ol_3696 1992 0 9 3 -61 1 1 10 4
ol_3696 1992 24 1 11 17 1 1 10 4
ol_3696 1992 14 2 10 44 1 1 10 4
ol_4904 1992 0 5 1 -15 3 1 8 5
ol_4904 1992 14 1 5 15 3 1 8 5
ol_5648 1992 24 3 9 18 1 1 9 11
ol_5648 1992 0 7 5 80 1 1 9 11
ol_5648 1992 22 1 11 -104 1 1 9 11
ol_5648 1992 14 1 11 6 1 1 9 11
ol_6124 1992 23 1 3 -28 2 1 8 9
ol_6124 1992 0 3 1 28 2 1 8 9
ol_6126 1992 0 8 2 68 2 1 7 9
ol_6126 1992 21 1 9 -42 2 1 7 9
ol_6126 1992 22 1 9 -26 2 1 7 9
ol_6350 1992 0 11 1 -37 2 1 10 4
ol_6350 1992 14 1 11 37 2 1 10 4
ol_6354 1992 32 1 11 31 1 1 8 6
ol_6354 1992 0 9 3 93 1 1 8 6
ol_6354 1992 24 1 11 -62 1 1 8 6
ol_6354 1992 22 1 11 -62 1 1 8 6
ol_7306 1992 11 4 7 -59 2 1 9 10
ol_7306 1992 15 5 6 59 2 1 9 10
ol_7306 1992 12 2 9 0 2 1 9 10
ol_7556 1992 0 3 8 156 3 1 10 1
ol_7556 1992 14 3 8 -129 3 1 10 1
ol_7556 1992 24 2 9 -70 3 1 10 1
ol_7556 1992 11 3 8 43 3 1 10 1
ol_8012 1992 0 6 2 -56 1 1 8 3
ol_8012 1992 22 2 6 56 1 1 8 3
ol_8270 1992 24 1 7 79 1 1 5 3
ol_8270 1992 0 7 1 -79 1 1 5 3
ol_8422 1992 0 5 1 2 1 1 7 8
ol_8422 1992 24 1 5 -2 1 1 7 8
ol_8872 2000 0 15 1 -21 1 1 10 4
ol_8872 2000 13 1 15 21 1 1 10 4
ol_9105 2000 0 10 6 -7 1 1 6 10
ol_9105 2000 24 5 11 -24 1 1 6 10
ol_9105 2000 22 1 15 31 1 1 6 10
ol_9125 2000 0 12 4 39 1 1 9 8
ol_9125 2000 24 4 12 -39 1 1 9 8
ol_9359 2000 0 16 2 -158 1 1 10 6
ol_9359 2000 24 2 16 158 1 1 10 6
ol_9639 2000 24 1 10 -33 2 1 8 0
ol_9639 2000 0 10 1 33 2 1 8 0
ol_9953 2000 24 1 1 1 2 1 10 13
ol_9953 2000 0 1 1 -1 2 1 10 13
ol_10356 2000 24 3 5 82 1 1 6 7
ol_10356 2000 0 5 3 -82 1 1 6 7
ol_10466 2000 0 8 2 43 1 1 7 11
ol_10466 2000 24 2 8 -43 1 1 7 11
ol_10480 2000 0 7 1 77 2 1 8 8
ol_10480 2000 24 1 7 -77 2 1 8 8
ol_10884 2000 0 7 1 -45 1 1 9 12
ol_10884 2000 24 1 7 45 1 1 9 12
ol_11120 2000 14 2 2 -34 1 1 10 8
ol_11120 2000 11 2 2 34 1 1 10 8
ol_11144 2000 24 2 2 -20 1 1 9 10
ol_11144 2000 0 2 2 20 1 1 9 10
ol_11220 2000 0 3 1 -39 1 1 8 10
ol_11220 2000 24 1 3 39 1 1 8 10
ol_11310 2000 24 1 1 -8 1 1 8 9
ol_11310 2000 0 1 1 8 1 1 8 9
ol_11336 2000 0 2 2 -18 1 1 9 6
ol_11336 2000 24 1 3 1 1 1 9 6
ol_11336 2000 14 1 3 17 1 1 9 6
ol_11526 2000 24 1 1 -11 1 1 8 12
ol_11526 2000 0 1 1 11 1 1 8 12
ol_11618 2000 22 1 1 0 1 1 9 17
ol_11618 2000 0 1 1 0 1 1 9 17
ol_11650 2000 14 1 1 2 1 1 10 13
ol_11650 2000 0 1 1 -2 1 1 10 13
ol_11762 2000 24 2 2 -2 1 1 10 14
ol_11762 2000 14 2 2 2 1 1 10 14
ol_11856 2000 24 3 1 33 1 1 9 6
ol_11856 2000 0 1 3 -33 1 1 9 6
ol_11867 2000 0 2 2 -34 2 1 10 6
ol_11867 2000 14 1 3 29 2 1 10 6
ol_11867 2000 24 1 3 5 2 1 10 6
ol_11919 2000 13 1 3 9 2 1 9 4
ol_11919 2000 0 2 2 -22 2 1 9 4
ol_11919 2000 24 1 3 13 2 1 9 4
ol_11945 2000 24 2 2 20 1 1 5 4
ol_11945 2000 0 2 2 -20 1 1 5 4
ol_12059 2000 0 2 1 -27 2 1 9 10
ol_12059 2000 22 1 2 27 2 1 9 10
ol_12083 2000 0 2 1 3 2 1 9 8
ol_12083 2000 22 1 2 -3 2 1 9 8
ol_12181 2000 12 2 1 -13 2 1 10 4
ol_12181 2000 22 1 2 13 2 1 10 4
ol_12319 2000 14 1 1 -14 1 1 10 7
ol_12319 2000 24 1 1 14 1 1 10 7
ol_12484 2004 0 2 1 -1 1 1 9 10
ol_12484 2004 14 1 2 1 1 1 9 10
ol_12653 2004 0 5 2 6 1 1 8 14
ol_12653 2004 24 2 5 -6 1 1 8 14
ol_12659 2004 0 6 2 43 1 1 7 9
ol_12659 2004 22 2 6 -43 1 1 7 9
ol_12953 2004 14 1 3 11 2 1 10 13
ol_12953 2004 0 3 1 -11 2 1 10 13
ol_13182 2004 24 1 3 4 1 1 9 8
ol_13182 2004 0 3 1 -4 1 1 9 8
ol_13583 2004 0 3 1 -10 1 1 10 6
ol_13583 2004 14 1 3 10 1 1 10 6
ol_14173 2004 0 5 3 71 1 1 8 5
ol_14173 2004 24 2 6 -56 1 1 8 5
ol_14173 2004 22 1 7 -15 1 1 8 5
ol_14528 2004 0 3 1 -18 2 1 8 9
ol_14528 2004 24 1 3 18 2 1 8 9
ol_15098 2004 14 1 1 0 1 1 10 10
ol_15098 2004 24 1 1 0 1 1 10 10
ol_15146 2004 24 1 1 -5 1 1 10 7
ol_15146 2004 22 1 1 5 1 1 10 7
sg_131 1997 11 1 1 -14 2 1 10 8
sg_131 1997 14 1 1 14 2 1 10 8
sg_361 1997 14 1 1 0 3 1 8 8
sg_361 1997 0 1 1 0 3 1 8 8
sg_807 1998 0 2 1 0 2 1 9 12
sg_807 1998 24 1 2 0 2 1 9 12
sg_1258 2000 0 1 1 0 1 1 10 11
sg_1258 2000 14 1 1 0 1 1 10 11
sg_1361 2001 0 1 1 -13 1 1 10 6
sg_1361 2001 14 1 1 13 1 1 10 6
sg_1369 2001 24 1 1 12 2 1 8 6
sg_1369 2001 0 1 1 -12 2 1 8 6
sg_1387 2001 14 1 1 10 3 1 5 6
sg_1387 2001 0 1 1 -10 3 1 5 6
sg_1763 2001 24 1 1 -1 3 1 9 11
sg_1763 2001 14 1 1 1 3 1 9 11
sg_2235 2002 14 1 1 5 3 1 9 5
sg_2235 2002 24 1 1 -5 3 1 9 5
sg_2283 2002 23 1 1 -6 1 1 9 11
sg_2283 2002 0 1 1 6 1 1 9 11
sg_2465 2003 14 1 1 2 2 1 10 11
sg_2465 2003 0 1 1 -2 2 1 10 11
sg_2565 2004 12 1 1 11 2 1 7 5
sg_2565 2004 0 1 1 -11 2 1 7 5
sg_2713 2004 14 1 1 0 3 1 7 10
sg_2713 2004 0 1 1 0 3 1 7 10
sg_2767 2004 0 3 1 -40 1 1 9 5
sg_2767 2004 24 1 3 40 1 1 9 5
sg_3836 2006 22 1 1 -13 1 1 7 6
sg_3836 2006 0 1 1 13 1 1 7 6
sg_4086 2007 0 1 1 -5 1 1 9 12
sg_4086 2007 24 1 1 5 1 1 9 12
sg_4220 2007 14 2 2 10 2 1 9 8
sg_4220 2007 24 1 3 28 2 1 9 8
sg_4220 2007 0 1 3 -38 2 1 9 8
sg_4754 2008 14 1 1 -12 1 1 10 11
sg_4754 2008 24 1 1 12 1 1 10 11
sg_4952 2008 0 1 1 0 1 1 10 7
sg_4952 2008 24 1 1 0 1 1 10 7
sg_4954 2008 14 1 1 11 1 1 10 10
sg_4954 2008 11 1 1 -11 1 1 10 10
sg_5791 2009 0 1 1 -10 1 1 7 3
sg_5791 2009 24 1 1 10 1 1 7 3
sg_5863 2009 0 1 1 0 1 1 10 5
sg_5863 2009 14 1 1 0 1 1 10 5
sg_6297 2010 14 1 1 -6 1 1 10 6
sg_6297 2010 0 1 1 6 1 1 10 6
sg_6623 2010 14 1 1 10 1 1 10 7
sg_6623 2010 0 1 1 -10 1 1 10 7
sg_6686 2010 0 1 1 -13 3 1 9 5
sg_6686 2010 14 1 1 13 3 1 9 5
sg_6718 2010 0 1 1 0 1 1 7 10
sg_6718 2010 24 1 1 0 1 1 7 10
sg_7051 2010 0 1 1 5 3 1 8 8
sg_7051 2010 14 1 1 -5 3 1 8 8
sg_7207 2011 21 1 1 5 1 1 10 8
sg_7207 2011 11 1 1 -5 1 1 10 8
sg_7353 2011 0 1 3 -1 3 1 9 11
sg_7353 2011 14 3 1 1 3 1 9 11
sg_7916 2012 0 1 1 -10 1 1 6 7
sg_7916 2012 22 1 1 10 1 1 6 7
sg_8411 2012 0 1 1 6 2 1 9 14
sg_8411 2012 24 1 1 -6 2 1 9 14
sg_8551 2013 24 1 1 -8 1 1 8 7
sg_8551 2013 0 1 1 8 1 1 8 7
sg_8699 2013 24 1 1 -10 2 1 7 12
sg_8699 2013 34 1 1 10 2 1 7 12
us_239 2000 14 1 1 0 3 1 5 6
us_239 2000 0 1 1 0 3 1 5 6
us_1133 2001 14 1 1 -1 1 1 10 7
us_1133 2001 0 1 1 1 1 1 10 7
us_1206 2001 0 3 1 -1 1 1 5 7
us_1206 2001 22 1 3 1 1 1 5 7
us_1225 2001 0 3 1 10 1 1 9 11
us_1225 2001 22 1 3 -10 1 1 9 11
us_1303 2001 22 1 2 -4 1 1 7 6
us_1303 2001 0 2 1 4 1 1 7 6
us_1696 2002 0 1 1 0 3 1 10 4
us_1696 2002 14 1 1 0 3 1 10 4
us_1763 2002 0 1 1 -5 2 1 10 5
us_1763 2002 21 1 1 5 2 1 10 5
us_2083 2002 12 1 3 -15 3 1 10 5
us_2083 2002 14 1 3 23 3 1 10 5
us_2083 2002 0 2 2 -8 3 1 10 5
us_2954 2004 0 1 1 16 2 1 9 10
us_2954 2004 24 1 1 -16 2 1 9 10
us_3457 2004 14 1 1 0 1 1 10 11
us_3457 2004 21 1 1 0 1 1 10 11
us_3534 2004 0 1 1 -2 2 1 8 8
us_3534 2004 25 1 1 2 2 1 8 8
us_3610 2005 24 1 1 12 1 1 9 12
us_3610 2005 0 1 1 -12 1 1 9 12
us_3860 2005 14 1 2 -8 1 1 10 5
us_3860 2005 0 2 1 8 1 1 10 5
us_4457 2005 12 3 1 6 2 1 9 9
us_4457 2005 0 1 3 -6 2 1 9 9
us_5630 2007 12 1 1 0 2 1 10 6
us_5630 2007 14 1 1 0 2 1 10 6
us_5779 2007 24 3 1 -14 1 1 8 14
us_5779 2007 0 1 3 14 1 1 8 14
us_6532 2007 0 3 1 1 1 1 8 10
us_6532 2007 22 1 3 -1 1 1 8 10
us_6556 2007 0 3 1 31 1 1 6 4
us_6556 2007 31 1 3 -31 1 1 6 4
us_6560 2007 0 3 1 15 1 1 9 10
us_6560 2007 25 1 3 -15 1 1 9 10
us_6820 2007 24 1 1 -1 3 1 9 12
us_6820 2007 14 1 1 1 3 1 9 12
us_6866 2007 24 1 1 -5 1 1 5 8
us_6866 2007 0 1 1 5 1 1 5 8
us_6914 2007 0 3 1 6 1 1 10 2
us_6914 2007 14 1 3 -6 1 1 10 2
us_6918 2007 24 1 3 -13 1 1 6 6
us_6918 2007 0 3 1 13 1 1 6 6
us_7330 2008 0 1 1 -1 1 1 8 13
us_7330 2008 24 1 1 1 1 1 8 13
us_7401 2008 24 1 3 39 3 1 6 9
us_7401 2008 22 1 3 -13 3 1 6 9
us_7401 2008 14 2 2 -26 3 1 6 9
us_7523 2008 14 3 1 1 3 1 8 9
us_7523 2008 0 1 3 -1 3 1 8 9
us_7543 2008 0 2 2 -28 2 1 9 17
us_7543 2008 24 2 2 28 2 1 9 17
us_7559 2008 24 2 1 0 1 1 8 7
us_7559 2008 0 1 2 0 1 1 8 7
us_7563 2008 24 2 2 22 1 1 8 10
us_7563 2008 0 2 2 -22 1 1 8 10
us_7839 2008 24 1 3 -11 1 1 7 6
us_7839 2008 0 3 1 11 1 1 7 6
us_7896 2008 24 3 1 24 1 1 6 10
us_7896 2008 0 1 3 -24 1 1 6 10
us_8751 2009 14 1 1 0 3 1 8 12
us_8751 2009 0 1 1 0 3 1 8 12
us_8881 2009 21 1 1 10 1 1 10 6
us_8881 2009 14 1 1 -10 1 1 10 6
us_8909 2009 0 1 1 -5 1 1 9 11
us_8909 2009 24 1 1 5 1 1 9 11
us_8971 2009 14 2 1 4 1 1 10 5
us_8971 2009 0 1 2 -4 1 1 10 5
us_9007 2009 14 2 2 0 3 1 10 1
us_9007 2009 0 1 3 2 3 1 10 1
us_9007 2009 21 1 3 -2 3 1 10 1
us_9061 2009 14 1 3 3 1 1 10 8
us_9061 2009 0 3 1 -3 1 1 10 8
us_9583 2009 0 1 1 10 1 1 8 14
us_9583 2009 24 1 1 -10 1 1 8 14
us_9883 2009 0 1 1 0 1 1 9 1
us_9883 2009 14 1 1 0 1 1 9 1
us_10925 2009 32 1 1 6 2 1 6 0
us_10925 2009 0 1 1 -6 2 1 6 0
us_11019 2009 0 1 1 0 2 1 9 9
us_11019 2009 14 1 1 0 2 1 9 9
us_11125 2009 0 1 1 0 3 1 8 6
us_11125 2009 14 1 1 0 3 1 8 6
us_11157 2010 0 1 1 6 2 1 9 10
us_11157 2010 14 1 1 -6 2 1 9 10
us_11323 2010 0 1 1 1 1 1 9 14
us_11323 2010 24 1 1 -1 1 1 9 14
us_11389 2010 0 3 1 -4 1 1 8 5
us_11389 2010 34 1 3 4 1 1 8 5
us_11523 2010 14 3 1 -6 1 1 10 10
us_11523 2010 0 1 3 6 1 1 10 10
us_12113 2010 0 1 1 -11 1 1 6 9
us_12113 2010 22 1 1 11 1 1 6 9
us_12151 2010 14 1 1 3 2 1 10 6
us_12151 2010 11 1 1 -3 2 1 10 6
us_12589 2010 14 1 1 0 3 1 8 9
us_12589 2010 0 1 1 0 3 1 8 9
us_12685 2010 0 1 1 9 3 1 8 4
us_12685 2010 14 1 1 -9 3 1 8 4
us_12791 2010 0 1 1 -2 1 1 8 11
us_12791 2010 22 1 1 2 1 1 8 11
us_12968 2010 14 1 1 -5 2 1 9 6
us_12968 2010 24 1 1 5 2 1 9 6
us_13106 2010 0 1 1 0 1 1 8 12
us_13106 2010 24 1 1 0 1 1 8 12
us_13241 2011 14 1 1 4 3 1 10 5
us_13241 2011 21 1 1 -4 3 1 10 5
us_13265 2011 24 1 1 11 1 1 9 12
us_13265 2011 0 1 1 -11 1 1 9 12
us_13346 2011 24 1 1 11 2 1 7 13
us_13346 2011 0 1 1 -11 2 1 7 13
us_13526 2011 0 1 1 6 2 1 9 10
us_13526 2011 14 1 1 -6 2 1 9 10
us_13816 2011 22 1 1 8 3 1 7 10
us_13816 2011 14 1 1 -8 3 1 7 10
us_13969 2011 0 1 1 11 3 1 10 4
us_13969 2011 14 1 1 -11 3 1 10 4
us_14425 2011 14 1 1 -12 1 1 10 14
us_14425 2011 11 1 1 12 1 1 10 14
us_14618 2011 14 1 1 -1 2 1 10 9
us_14618 2011 0 1 1 1 2 1 10 9
us_14786 2011 24 1 1 -3 1 1 9 15
us_14786 2011 0 1 1 3 1 1 9 15
us_15219 2011 24 1 1 -6 1 1 5 6
us_15219 2011 0 1 1 6 1 1 5 6
us_15341 2012 0 1 1 0 3 1 9 8
us_15341 2012 14 1 1 0 3 1 9 8
us_15795 2012 0 1 1 -12 2 1 9 10
us_15795 2012 14 1 1 12 2 1 9 10
us_15801 2012 0 1 1 -2 1 1 8 8
us_15801 2012 24 1 1 2 1 1 8 8
us_16109 2012 0 1 1 0 2 1 10 3
us_16109 2012 14 1 1 0 2 1 10 3
us_16359 2012 14 1 1 -8 1 1 10 14
us_16359 2012 0 1 1 8 1 1 10 14
us_16381 2012 14 1 1 11 1 1 10 4
us_16381 2012 0 1 1 -11 1 1 10 4
us_16463 2012 0 1 1 -7 1 1 6 6
us_16463 2012 24 1 1 7 1 1 6 6
us_17055 2012 0 1 1 -13 1 1 6 7
us_17055 2012 24 1 1 13 1 1 6 7
us_17179 2012 14 1 1 0 3 1 10 9
us_17179 2012 22 1 1 0 3 1 10 9
vb_292 1999 22 1 1 7 1 1 9 8
vb_292 1999 0 1 1 -7 1 1 9 8
vb_411 2001 24 1 1 -12 2 1 7 6
vb_411 2001 0 1 1 12 2 1 7 6
vb_745 2002 14 1 1 -7 3 1 10 2
vb_745 2002 0 1 1 7 3 1 10 2
vb_971 2004 24 1 1 -1 1 1 9 11
vb_971 2004 22 1 1 1 1 1 9 11
vb_1235 2005 0 3 1 22 1 1 8 8
vb_1235 2005 24 1 3 -22 1 1 8 8
vb_1245 2005 24 1 3 -26 1 1 9 8
vb_1245 2005 0 3 1 26 1 1 9 8
vb_1681 2006 14 1 1 2 2 1 10 2
vb_1681 2006 0 1 1 -2 2 1 10 2
vb_2466 2007 0 1 1 -10 1 1 6 12
vb_2466 2007 24 1 1 10 1 1 6 12
vb_2904 2008 0 1 1 -6 1 1 8 11
vb_2904 2008 24 1 1 6 1 1 8 11
vb_3324 2009 24 1 1 0 1 1 9 10
vb_3324 2009 0 1 1 0 1 1 9 10
vb_3685 2009 14 1 1 -10 1 1 10 9
vb_3685 2009 12 1 1 10 1 1 10 9
vb_3893 2009 0 1 1 6 1 1 7 6
vb_3893 2009 21 1 1 -6 1 1 7 6
vb_3907 2009 0 1 1 -9 1 1 7 10
vb_3907 2009 24 1 1 9 1 1 7 10
vb_4351 2010 14 1 2 0 3 1 6 5
vb_4351 2010 0 2 1 0 3 1 6 5
vb_4407 2010 0 1 1 0 3 1 5 1
vb_4407 2010 12 1 1 0 3 1 5 1
vb_4523 2010 24 1 1 0 2 1 7 10
vb_4523 2010 0 1 1 0 2 1 7 10
vb_5126 2012 14 3 1 -23 3 1 9 9
vb_5126 2012 24 1 3 23 3 1 9 9
vb_5313 2012 24 1 1 1 2 1 6 9
vb_5313 2012 0 1 1 -1 2 1 6 9
vb_5490 2012 22 1 1 -8 3 1 10 11
vb_5490 2012 14 1 1 8 3 1 10 11
vb_5568 2012 24 1 1 -11 1 1 8 9
vb_5568 2012 0 1 1 11 1 1 8 9
vb_5795 2012 14 1 1 -10 2 1 10 9
vb_5795 2012 12 1 1 10 2 1 10 9
vb_5797 2012 14 1 1 0 1 1 9 6
vb_5797 2012 0 1 1 0 1 1 9 6
vb_6039 2013 24 1 1 -12 1 1 9 10
vb_6039 2013 14 1 1 12 1 1 9 10
vb_6601 2013 0 1 3 -9 1 1 7 8
vb_6601 2013 24 2 2 6 1 1 7 8
vb_6601 2013 22 1 3 3 1 1 7 8
vb_6963 2014 0 3 1 11 1 1 6 1
vb_6963 2014 24 1 3 -11 1 1 6 1
