id year bid1 bid2 n1 n2 imps hand suit hcp suitq
bb9_675 1997 24 0 1 1 0 1 1 6 1
bb9_1087 1997 24 0 1 1 0 1 1 6 2
bb9_1125 1997 24 0 1 1 0 1 1 5 8
bb9_2966 2003 24 0 1 1 -10 1 1 8 1
bb9_4782 2005 24 0 1 1 -5 2 1 10 10
bb9_6051 2005 24 0 1 1 4 1 1 10 10
bb9_6136 2005 24 0 2 4 26 1 1 8 9
bb9_6708 2007 24 0 2 1 -4 1 1 5 6
bb9_7108 2007 24 0 3 1 -11 3 1 6 7
bb9_7320 2007 24 0 1 1 6 2 1 8 10
bb9_7697 2007 24 0 1 3 -17 1 1 6 7
bb9_7907 2009 24 0 1 3 19 2 1 9 8
bb9_8264 2009 24 0 1 3 -20 1 1 6 9
bb9_8302 2009 24 0 1 3 -25 1 1 6 6
bb9_8306 2009 24 0 2 2 9 1 1 7 9
bb9_8386 2009 24 0 1 1 0 2 1 8 8
bb9_8464 2009 24 0 4 2 102 1 1 5 10
bb9_8518 2009 24 0 3 1 -12 2 1 7 8
bb9_8529 2009 24 0 2 2 0 2 1 10 11
bb9_9101 2009 24 0 1 5 -21 1 1 8 6
bb9_9105 2009 24 0 1 1 -5 2 1 10 6
bb9_9628 2009 24 0 1 7 -30 1 1 8 6
bb9_9852 2009 24 0 1 2 -1 2 1 10 14
bb9_10333 2009 24 0 2 3 0 2 1 10 13
bb9_10774 2009 24 0 2 2 -54 1 1 7 12
bb9_11504 2011 24 0 1 9 -25 1 1 7 9
bb9_11750 2011 24 0 1 1 0 2 1 5 7
bb9_12607 2011 24 0 3 3 -16 1 1 6 3
bb9_12837 2011 24 0 1 5 8 1 1 9 5
bb9_13343 2011 24 0 1 6 33 2 1 8 14
bb9_13507 2011 24 0 1 2 0 2 1 10 5
bb9_13617 2011 24 0 1 1 5 3 1 9 10
bb9_14069 2011 24 0 1 2 11 2 1 9 11
bb9_14589 2013 24 0 1 2 0 1 1 7 8
bb9_14599 2013 24 0 1 3 2 1 1 7 5
bb9_15331 2013 24 0 1 1 -2 3 1 6 12
ca_1816 2008 24 0 1 1 -12 1 1 8 9
dt_127 1997 24 0 1 1 -8 2 1 7 15
dt_353 1999 24 0 1 1 4 1 1 8 3
dt_670 2000 24 0 1 1 1 2 1 9 9
dt_934 2003 24 0 1 1 6 1 1 8 7
dt_1222 2005 24 0 1 1 -5 1 1 6 11
dt_1384 2006 24 0 1 1 0 1 1 9 1
dt_1448 2006 24 0 1 1 1 1 1 8 4
dt_1611 2009 24 0 1 1 1 1 1 8 3
dt_1631 2009 24 0 1 1 2 1 1 8 9
dt_1985 2011 24 0 1 1 -2 1 1 7 10
dt_2116 2012 24 0 1 1 -4 1 1 8 12
dt_2154 2012 24 0 1 1 6 1 1 8 6
dt_2210 2013 24 0 1 1 0 1 1 8 8
ec_273 1998 24 0 1 1 -1 1 1 5 5
ec_321 1998 24 0 1 1 0 1 1 9 8
ec_357 1998 24 0 1 1 -1 1 1 7 9
ec_723 1998 24 0 1 1 1 1 1 8 4
ec_821 1999 24 0 1 1 4 2 1 9 5
ec_1673 2004 24 0 5 4 -15 1 1 8 10
ec_1683 2004 24 0 2 7 1 1 1 9 12
ec_2479 2004 24 0 3 5 2 2 1 6 8
ec_2497 2004 24 0 2 6 -17 2 1 8 10
ec_2697 2004 24 0 2 3 3 2 1 10 5
ec_2701 2004 24 0 3 3 14 1 1 5 5
ec_3651 2004 24 0 1 6 -1 1 1 7 6
ec_3824 2004 24 0 3 5 -47 2 1 10 12
ec_3805 2004 24 0 1 7 37 1 1 10 7
ec_5072 2004 24 0 1 6 2 1 1 7 9
ec_5288 2004 24 0 5 5 -28 1 1 9 9
ec_5292 2004 24 0 4 4 -58 1 1 9 9
ec_6435 2004 24 0 1 2 9 1 1 9 9
ec_6457 2004 24 0 1 8 -60 2 1 8 12
ec_6635 2004 24 0 1 4 -8 1 1 9 6
ec_7839 2006 24 0 1 1 11 1 1 10 7
ec_8037 2006 24 0 1 1 -12 1 1 6 5
ec_8571 2007 24 0 2 3 -2 3 1 7 2
ec_9749 2007 24 0 1 5 -43 1 1 5 6
ec_9751 2007 24 0 6 1 24 1 1 7 11
ec_9837 2007 24 0 1 5 -60 1 1 10 5
ec_10394 2008 24 0 4 8 -125 1 1 9 11
ec_10659 2008 24 0 6 8 30 1 1 7 10
ec_10663 2008 24 0 4 8 257 2 1 8 14
ec_10669 2008 24 0 4 9 276 1 1 8 7
ec_10691 2008 24 0 1 4 3 1 1 6 3
ec_10950 2008 24 0 1 11 -30 1 1 6 2
ec_11198 2008 24 0 1 14 114 1 1 5 4
ec_12853 2008 24 0 3 7 -50 1 1 9 7
ec_12859 2008 24 0 5 6 -5 1 1 8 7
ec_13090 2008 24 0 1 5 -25 1 1 10 8
ec_13574 2008 24 0 1 10 -32 1 1 8 7
ec_14474 2008 24 0 6 5 -155 1 1 9 14
ec_14800 2008 24 0 1 3 -26 1 1 10 12
ec_15237 2008 24 0 1 11 -80 1 1 5 3
ec_15251 2008 24 0 1 5 19 1 1 10 6
ec_15483 2008 24 0 1 5 5 1 1 10 9
ec_15499 2008 24 0 1 11 -4 1 1 7 12
ec_15733 2008 24 0 6 6 6 1 1 9 8
ec_16228 2008 24 0 4 8 -32 1 1 7 9
ec_16254 2008 24 0 1 9 -1 2 1 8 5
ec_16684 2008 24 0 1 6 -32 1 1 10 9
ec_17115 2008 24 0 1 4 18 3 1 6 7
ec_17135 2008 24 0 3 7 1 1 1 9 9
ec_18058 2008 24 0 3 6 21 2 1 8 13
ec_18941 2008 24 0 1 2 21 3 1 10 5
ec_18949 2008 24 0 1 5 25 1 1 7 6
ec_19330 2009 24 0 1 3 4 2 1 9 3
ec_19618 2009 24 0 1 3 44 1 1 9 13
ec_19722 2009 24 0 3 1 -12 2 1 8 6
ec_20059 2009 24 0 1 3 2 1 1 8 13
ec_20259 2009 24 0 1 3 -3 1 1 9 7
ec_20297 2009 24 0 1 3 13 1 1 6 7
ec_20783 2009 24 0 3 1 -8 1 1 7 10
ec_20895 2009 24 0 2 2 0 1 1 8 7
ec_20981 2009 24 0 1 3 -6 2 1 9 5
ol_1318 1992 24 0 1 7 13 2 1 6 7
ol_1562 1992 24 0 1 1 6 3 1 9 11
ol_1794 1992 24 0 3 5 45 1 1 6 6
ol_1804 1992 24 0 1 11 8 1 1 7 8
ol_2740 1992 24 0 1 11 -64 1 1 9 8
ol_3696 1992 24 0 1 9 18 1 1 10 4
ol_5648 1992 24 0 3 7 -12 1 1 9 11
ol_6354 1992 24 0 1 9 -53 1 1 8 6
ol_7556 1992 24 0 2 3 -42 3 1 10 1
ol_8270 1992 24 0 1 7 79 1 1 5 3
ol_8422 1992 24 0 1 5 -2 1 1 7 8
ol_9105 2000 24 0 5 10 -13 1 1 6 10
ol_9125 2000 24 0 4 12 -39 1 1 9 8
ol_9359 2000 24 0 2 16 158 1 1 10 6
ol_9639 2000 24 0 1 10 -33 2 1 8 0
ol_9953 2000 24 0 1 1 1 2 1 10 13
ol_10356 2000 24 0 3 5 82 1 1 6 7
ol_10466 2000 24 0 2 8 -43 1 1 7 11
ol_10480 2000 24 0 1 7 -77 2 1 8 8
ol_10884 2000 24 0 1 7 45 1 1 9 12
ol_11144 2000 24 0 2 2 -20 1 1 9 10
ol_11220 2000 24 0 1 3 39 1 1 8 10
ol_11310 2000 24 0 1 1 -8 1 1 8 9
ol_11336 2000 24 0 1 2 6 1 1 9 6
ol_11526 2000 24 0 1 1 -11 1 1 8 12
ol_11856 2000 24 0 3 1 33 1 1 9 6
ol_11867 2000 24 0 1 2 12 2 1 10 6
ol_11919 2000 24 0 1 2 12 2 1 9 4
ol_11945 2000 24 0 2 2 20 1 1 5 4
ol_12653 2004 24 0 2 5 -6 1 1 8 14
ol_13182 2004 24 0 1 3 4 1 1 9 8
ol_14173 2004 24 0 2 5 -52 1 1 8 5
ol_14528 2004 24 0 1 3 18 2 1 8 9
sg_807 1998 24 0 1 2 0 2 1 9 12
sg_1369 2001 24 0 1 1 12 2 1 8 6
sg_2767 2004 24 0 1 3 40 1 1 9 5
sg_4086 2007 24 0 1 1 5 1 1 9 12
sg_4220 2007 24 0 1 1 14 2 1 9 8
sg_4952 2008 24 0 1 1 0 1 1 10 7
sg_5791 2009 24 0 1 1 10 1 1 7 3
sg_6718 2010 24 0 1 1 0 1 1 7 10
sg_8411 2012 24 0 1 1 -6 2 1 9 14
sg_8551 2013 24 0 1 1 -8 1 1 8 7
us_2954 2004 24 0 1 1 -16 2 1 9 10
us_3610 2005 24 0 1 1 12 1 1 9 12
us_5779 2007 24 0 3 1 -14 1 1 8 14
us_6866 2007 24 0 1 1 -5 1 1 5 8
us_6918 2007 24 0 1 3 -13 1 1 6 6
us_7330 2008 24 0 1 1 1 1 1 8 13
us_7543 2008 24 0 2 2 28 2 1 9 17
us_7559 2008 24 0 2 1 0 1 1 8 7
us_7563 2008 24 0 2 2 22 1 1 8 10
us_7839 2008 24 0 1 3 -11 1 1 7 6
us_7896 2008 24 0 3 1 24 1 1 6 10
us_8909 2009 24 0 1 1 5 1 1 9 11
us_9583 2009 24 0 1 1 -10 1 1 8 14
us_11323 2010 24 0 1 1 -1 1 1 9 14
us_13106 2010 24 0 1 1 0 1 1 8 12
us_13265 2011 24 0 1 1 11 1 1 9 12
us_13346 2011 24 0 1 1 11 2 1 7 13
us_14786 2011 24 0 1 1 -3 1 1 9 15
us_15219 2011 24 0 1 1 -6 1 1 5 6
us_15801 2012 24 0 1 1 2 1 1 8 8
us_16463 2012 24 0 1 1 7 1 1 6 6
us_17055 2012 24 0 1 1 13 1 1 6 7
vb_411 2001 24 0 1 1 -12 2 1 7 6
vb_1235 2005 24 0 1 3 -22 1 1 8 8
vb_1245 2005 24 0 1 3 -26 1 1 9 8
vb_2466 2007 24 0 1 1 10 1 1 6 12
vb_2904 2008 24 0 1 1 6 1 1 8 11
vb_3324 2009 24 0 1 1 0 1 1 9 10
vb_3907 2009 24 0 1 1 9 1 1 7 10
vb_4523 2010 24 0 1 1 0 2 1 7 10
vb_5313 2012 24 0 1 1 1 2 1 6 9
vb_5568 2012 24 0 1 1 -11 1 1 8 9
vb_6601 2013 24 0 2 1 6 1 1 7 8
vb_6963 2014 24 0 1 3 -11 1 1 6 1
