id year bid n1 n2 imps hand suit hcp suitq
bb9_131 1991 13 1 1 -1 2 2 8 8
bb9_131 1991 22 1 1 1 2 2 8 8
bb9_499 1997 23 1 1 6 1 2 5 6
bb9_499 1997 0 1 1 -6 1 2 5 6
bb9_617 1997 23 1 1 6 1 2 7 9
bb9_617 1997 22 1 1 -6 1 2 7 9
bb9_695 1997 0 1 1 6 1 2 8 6
bb9_695 1997 22 1 1 -6 1 2 8 6
bb9_827 1997 22 1 1 -11 2 2 9 8
bb9_827 1997 0 1 1 11 2 2 9 8
bb9_941 1997 23 1 1 5 1 2 7 6
bb9_941 1997 0 1 1 -5 1 2 7 6
bb9_2200 2000 22 1 3 9 1 2 8 11
bb9_2200 2000 23 3 1 -9 1 2 8 11
bb9_2728 2003 0 1 2 1 2 2 9 11
bb9_2728 2003 22 1 2 1 2 2 9 11
bb9_2728 2003 23 1 2 -2 2 2 9 11
bb9_2785 2003 0 1 2 8 1 2 6 1
bb9_2785 2003 22 1 2 -4 1 2 6 1
bb9_2785 2003 23 1 2 -4 1 2 6 1
bb9_2831 2003 23 2 1 4 2 2 8 9
bb9_2831 2003 22 1 2 -4 2 2 8 9
bb9_3136 2003 22 2 2 0 1 2 7 11
bb9_3136 2003 23 2 2 0 1 2 7 11
bb9_3459 2003 23 2 1 -14 1 2 9 13
bb9_3459 2003 22 1 2 14 1 2 9 13
bb9_4376 2005 23 1 1 8 2 2 8 12
bb9_4376 2005 22 1 1 -8 2 2 8 12
bb9_4534 2005 23 1 1 -7 1 2 8 8
bb9_4534 2005 22 1 1 7 1 2 8 8
bb9_4734 2005 22 1 1 2 1 2 7 10
bb9_4734 2005 23 1 1 -2 1 2 7 10
bb9_4792 2005 23 1 2 -11 2 2 5 10
bb9_4792 2005 22 2 1 11 2 2 5 10
bb9_5280 2005 0 1 2 -19 1 2 6 4
bb9_5280 2005 22 2 1 19 1 2 6 4
bb9_5294 2005 33 1 1 9 3 2 6 7
bb9_5294 2005 23 1 1 -9 3 2 6 7
bb9_5478 2005 23 2 1 -9 2 2 8 4
bb9_5478 2005 0 1 2 9 2 2 8 4
bb9_5740 2005 33 1 1 -13 3 2 6 9
bb9_5740 2005 23 1 1 13 3 2 6 9
bb9_6100 2005 23 1 1 0 1 2 9 11
bb9_6100 2005 22 1 1 0 1 2 9 11
bb9_6156 2005 23 2 3 68 1 2 9 10
bb9_6156 2005 22 1 4 -9 1 2 9 10
bb9_6156 2005 0 2 3 -59 1 2 9 10
bb9_7042 2007 22 1 3 3 1 2 5 6
bb9_7042 2007 0 2 2 6 1 2 5 6
bb9_7042 2007 23 1 3 -9 1 2 5 6
bb9_7717 2007 23 3 1 -2 1 2 8 5
bb9_7717 2007 22 1 3 2 1 2 8 5
bb9_8090 2009 23 1 1 0 2 2 9 7
bb9_8090 2009 0 1 1 0 2 2 9 7
bb9_8657 2009 23 3 2 47 3 2 8 4
bb9_8657 2009 0 1 4 -47 3 2 8 4
bb9_8657 2009 22 1 4 0 3 2 8 4
bb9_9119 2009 22 2 6 -48 1 2 7 6
bb9_9119 2009 23 3 5 -84 1 2 7 6
bb9_9119 2009 0 3 5 132 1 2 7 6
bb9_9940 2009 23 3 3 -77 1 2 8 9
bb9_9940 2009 0 2 4 53 1 2 8 9
bb9_9940 2009 22 1 5 24 1 2 8 9
bb9_10233 2009 22 1 5 7 2 2 8 6
bb9_10233 2009 23 3 3 -71 2 2 8 6
bb9_10233 2009 0 2 4 64 2 2 8 6
bb9_10973 2011 23 3 2 39 1 2 7 3
bb9_10973 2011 22 2 3 -39 1 2 7 3
bb9_11500 2011 0 8 1 -2 1 2 8 5
bb9_11500 2011 22 1 8 2 1 2 8 5
bb9_11648 2011 22 1 2 0 2 2 7 12
bb9_11648 2011 23 2 1 0 2 2 7 12
bb9_12244 2011 23 5 5 -44 1 2 9 17
bb9_12244 2011 22 1 9 98 1 2 9 17
bb9_12244 2011 33 2 8 -3 1 2 9 17
bb9_12244 2011 13 2 8 -51 1 2 9 17
bb9_12252 2011 23 3 7 73 1 2 9 8
bb9_12252 2011 22 2 8 -47 1 2 9 8
bb9_12252 2011 0 5 5 -26 1 2 9 8
bb9_13755 2011 0 1 3 -5 1 2 9 7
bb9_13755 2011 23 3 1 5 1 2 9 7
bb9_14011 2011 0 1 3 -2 1 2 9 7
bb9_14011 2011 23 3 1 2 1 2 9 7
bb9_14177 2011 22 1 3 10 1 2 8 8
bb9_14177 2011 33 2 2 -2 1 2 8 8
bb9_14177 2011 44 1 3 -8 1 2 8 8
bb9_14245 2011 23 2 2 28 1 2 8 11
bb9_14245 2011 33 1 3 -14 1 2 8 11
bb9_14245 2011 0 1 3 -14 1 2 8 11
bb9_14395 2011 0 1 1 -6 1 2 7 5
bb9_14395 2011 23 1 1 6 1 2 7 5
bb9_14837 2013 0 7 1 28 1 2 9 4
bb9_14837 2013 13 1 7 -28 1 2 9 4
bb9_14939 2013 23 2 4 16 1 2 8 5
bb9_14939 2013 22 3 3 -21 1 2 8 5
bb9_14939 2013 0 1 5 5 1 2 8 5
bb9_15407 2013 23 1 3 24 1 2 8 7
bb9_15407 2013 0 2 2 -14 1 2 8 7
bb9_15407 2013 22 1 3 -10 1 2 8 7
bb9_15463 2013 23 1 1 -7 1 2 8 8
bb9_15463 2013 0 1 1 7 1 2 8 8
dt_5 1997 23 1 1 5 1 2 8 7
dt_5 1997 22 1 1 -5 1 2 8 7
dt_583 2000 22 1 1 -1 1 2 8 6
dt_583 2000 0 1 1 1 1 2 8 6
dt_870 2001 0 1 1 0 1 2 5 2
dt_870 2001 22 1 1 0 1 2 5 2
dt_1110 2004 22 1 1 1 2 2 7 6
dt_1110 2004 23 1 1 -1 2 2 7 6
dt_1220 2005 23 1 1 15 2 2 9 8
dt_1220 2005 0 1 1 -15 2 2 9 8
dt_1338 2006 0 1 1 1 1 2 5 6
dt_1338 2006 22 1 1 -1 1 2 5 6
dt_2066 2012 22 1 1 0 1 2 5 7
dt_2066 2012 0 1 1 0 1 2 5 7
ec_39 1998 23 1 1 7 1 2 9 6
ec_39 1998 22 1 1 -7 1 2 9 6
ec_191 1998 23 1 1 -6 2 2 9 14
ec_191 1998 22 1 1 6 2 2 9 14
ec_203 1998 23 1 1 8 2 2 6 13
ec_203 1998 0 1 1 -8 2 2 6 13
ec_251 1998 0 1 1 -8 1 2 5 4
ec_251 1998 23 1 1 8 1 2 5 4
ec_393 1998 22 1 1 1 1 2 7 5
ec_393 1998 23 1 1 -1 1 2 7 5
ec_859 2001 22 3 3 50 2 2 8 11
ec_859 2001 23 3 3 -50 2 2 8 11
ec_2491 2004 22 4 6 -108 1 2 8 10
ec_2491 2004 33 1 9 -25 1 2 8 10
ec_2491 2004 23 5 5 133 1 2 8 10
ec_2497 2004 0 8 1 -15 1 2 5 5
ec_2497 2004 22 1 8 15 1 2 5 5
ec_3206 2004 23 5 5 35 1 2 7 11
ec_3206 2004 0 2 8 -76 1 2 7 11
ec_3206 2004 22 3 7 41 1 2 7 11
ec_4877 2004 0 3 7 93 1 2 9 9
ec_4877 2004 23 6 4 -121 1 2 9 9
ec_4877 2004 22 1 9 28 1 2 9 9
ec_5102 2004 22 3 7 49 1 2 7 12
ec_5102 2004 23 3 7 -20 1 2 7 12
ec_5102 2004 0 4 6 -29 1 2 7 12
ec_6233 2004 0 3 7 -33 1 2 7 10
ec_6233 2004 23 3 7 77 1 2 7 10
ec_6233 2004 22 3 7 -33 1 2 7 10
ec_6233 2004 13 1 9 -11 1 2 7 10
ec_6439 2004 22 5 5 -70 2 2 8 17
ec_6439 2004 33 1 9 56 2 2 8 17
ec_6439 2004 0 1 9 -35 2 2 8 17
ec_6439 2004 23 3 7 49 2 2 8 17
ec_7111 2006 22 1 1 -1 1 2 9 2
ec_7111 2006 0 1 1 1 1 2 9 2
ec_7445 2006 23 1 1 4 2 2 7 9
ec_7445 2006 22 1 1 -4 2 2 7 9
ec_7481 2006 23 1 1 -12 1 2 9 4
ec_7481 2006 0 1 1 12 1 2 9 4
ec_7661 2006 0 1 1 4 1 2 9 10
ec_7661 2006 23 1 1 -4 1 2 9 10
ec_7667 2006 0 1 1 -11 2 2 6 6
ec_7667 2006 23 1 1 11 2 2 6 6
ec_7707 2006 0 1 1 0 1 2 9 7
ec_7707 2006 23 1 1 0 1 2 9 7
ec_8261 2006 23 1 1 -4 1 2 8 9
ec_8261 2006 22 1 1 4 1 2 8 9
ec_8413 2007 0 6 6 -42 1 2 8 4
ec_8413 2007 23 3 9 63 1 2 8 4
ec_8413 2007 22 3 9 -21 1 2 8 4
ec_8431 2007 22 6 6 95 1 2 9 9
ec_8431 2007 23 3 9 41 1 2 9 9
ec_8431 2007 0 2 10 -59 1 2 9 9
ec_8431 2007 13 1 11 -77 1 2 9 9
ec_11541 2008 22 5 7 -103 1 2 5 11
ec_11541 2008 0 6 6 37 1 2 5 11
ec_11541 2008 23 1 11 66 1 2 5 11
ec_12260 2008 13 2 8 -104 3 2 7 8
ec_12260 2008 0 2 8 104 3 2 7 8
ec_12260 2008 22 4 6 -4 3 2 7 8
ec_12260 2008 23 2 8 4 3 2 7 8
ec_13331 2008 0 2 10 -35 2 2 8 9
ec_13331 2008 22 7 5 66 2 2 8 9
ec_13331 2008 23 3 9 -31 2 2 8 9
ec_16226 2008 23 5 6 -84 1 2 5 10
ec_16226 2008 22 3 8 169 1 2 5 10
ec_16226 2008 33 3 8 -85 1 2 5 10
ec_16234 2008 23 3 1 33 2 2 8 11
ec_16234 2008 22 1 3 -33 2 2 8 11
ec_16464 2008 22 3 2 -46 1 2 8 12
ec_16464 2008 23 2 3 46 1 2 8 12
ec_16484 2008 0 3 1 12 2 2 8 5
ec_16484 2008 22 1 3 -12 2 2 8 5
ec_16892 2008 23 3 9 -201 1 2 6 5
ec_16892 2008 0 7 5 323 1 2 6 5
ec_16892 2008 22 2 10 -122 1 2 6 5
ec_17353 2008 23 6 5 56 1 2 6 8
ec_17353 2008 22 4 7 110 1 2 6 8
ec_17353 2008 33 1 10 -166 1 2 6 8
ec_17570 2008 23 7 5 -204 2 2 7 9
ec_17570 2008 22 5 7 204 2 2 7 9
ec_17814 2008 22 5 7 -11 1 2 9 10
ec_17814 2008 0 3 9 -86 1 2 9 10
ec_17814 2008 23 4 8 97 1 2 9 10
ec_19624 2009 22 2 2 -9 1 2 9 15
ec_19624 2009 23 2 2 9 1 2 9 15
ec_19943 2009 0 1 1 2 1 2 9 8
ec_19943 2009 23 1 1 -2 1 2 9 8
ec_19971 2009 22 1 1 1 2 2 9 10
ec_19971 2009 23 1 1 -1 2 2 9 10
ec_20295 2009 23 3 1 25 1 2 8 7
ec_20295 2009 0 1 3 -25 1 2 8 7
ec_20627 2009 23 2 1 0 2 2 9 13
ec_20627 2009 22 1 2 0 2 2 9 13
ol_23 1992 0 1 3 17 1 2 8 9
ol_23 1992 22 3 1 -17 1 2 8 9
ol_225 1992 0 1 1 5 2 2 8 3
ol_225 1992 22 1 1 -5 2 2 8 3
ol_339 1992 13 5 4 96 3 2 9 5
ol_339 1992 22 3 6 -55 3 2 9 5
ol_339 1992 23 1 8 -41 3 2 9 5
ol_875 1992 22 5 7 -77 1 2 6 13
ol_875 1992 0 4 8 15 1 2 6 13
ol_875 1992 12 1 11 50 1 2 6 13
ol_875 1992 23 2 10 12 1 2 6 13
ol_1075 1992 23 3 1 -14 3 2 8 12
ol_1075 1992 22 1 3 14 3 2 8 12
ol_1774 1992 22 7 5 10 1 2 6 5
ol_1774 1992 0 4 8 -20 1 2 6 5
ol_1774 1992 23 1 11 10 1 2 6 5
ol_6356 1992 22 7 5 0 1 2 9 13
ol_6356 1992 23 4 8 0 1 2 9 13
ol_6356 1992 13 1 11 0 1 2 9 13
ol_8024 1992 0 4 4 -57 1 2 6 8
ol_8024 1992 22 4 4 57 1 2 6 8
ol_8510 1992 23 1 5 -41 1 2 8 10
ol_8510 1992 0 2 4 -33 1 2 8 10
ol_8510 1992 22 3 3 74 1 2 8 10
ol_8846 2000 33 2 13 -36 1 2 5 10
ol_8846 2000 22 5 10 -88 1 2 5 10
ol_8846 2000 23 7 8 -20 1 2 5 10
ol_8846 2000 0 1 14 144 1 2 5 10
ol_8868 2000 22 4 11 -75 1 2 6 9
ol_8868 2000 23 5 10 -131 1 2 6 9
ol_8868 2000 0 6 9 206 1 2 6 9
ol_9365 2000 23 7 11 297 1 2 8 4
ol_9365 2000 0 7 11 -375 1 2 8 4
ol_9365 2000 22 4 14 78 1 2 8 4
ol_9651 2000 0 14 2 52 1 2 8 5
ol_9651 2000 23 1 15 -107 1 2 8 5
ol_9651 2000 22 1 15 55 1 2 8 5
ol_9653 2000 23 5 11 138 1 2 6 8
ol_9653 2000 0 8 8 -452 1 2 6 8
ol_9653 2000 22 3 13 314 1 2 6 8
ol_10476 2000 23 7 3 32 2 2 7 8
ol_10476 2000 22 3 7 -32 2 2 7 8
ol_10486 2000 0 2 8 -91 1 2 6 7
ol_10486 2000 23 6 4 74 1 2 6 7
ol_10486 2000 22 2 8 17 1 2 6 7
ol_10900 2000 23 4 4 31 2 2 9 11
ol_10900 2000 22 4 4 -31 2 2 9 11
ol_11062 2000 23 1 3 0 2 2 8 9
ol_11062 2000 22 3 1 0 2 2 8 9
ol_11324 2000 22 2 2 -28 1 2 8 11
ol_11324 2000 23 1 3 27 1 2 8 11
ol_11324 2000 0 1 3 1 1 2 8 11
ol_11574 2000 22 1 1 9 1 2 8 15
ol_11574 2000 33 1 1 -9 1 2 8 15
ol_11846 2000 22 3 1 10 2 2 9 12
ol_11846 2000 23 1 3 -10 2 2 9 12
ol_11869 2000 23 1 3 -48 1 2 9 11
ol_11869 2000 22 2 2 45 1 2 9 11
ol_11869 2000 33 1 3 3 1 2 9 11
ol_11873 2000 22 1 3 -11 2 2 8 7
ol_11873 2000 23 1 3 -8 2 2 8 7
ol_11873 2000 0 2 2 19 2 2 8 7
ol_12831 2004 22 1 1 0 1 2 8 5
ol_12831 2004 0 1 1 0 1 2 8 5
ol_13763 2004 22 1 5 31 1 2 6 7
ol_13763 2004 0 5 1 -31 1 2 6 7
ol_14387 2004 0 1 5 -6 1 2 8 10
ol_14387 2004 22 5 1 6 1 2 8 10
ol_14728 2004 23 3 1 17 1 2 8 12
ol_14728 2004 22 1 3 -17 1 2 8 12
sg_187 1997 22 1 1 -4 2 2 7 12
sg_187 1997 23 1 1 4 2 2 7 12
sg_1375 2001 22 1 1 0 1 2 9 12
sg_1375 2001 23 1 1 0 1 2 9 12
sg_1569 2001 22 1 1 0 2 2 8 12
sg_1569 2001 23 1 1 0 2 2 8 12
sg_1999 2001 0 1 1 -1 1 2 6 5
sg_1999 2001 23 1 1 1 1 2 6 5
sg_2163 2001 22 1 1 2 1 2 8 8
sg_2163 2001 23 1 1 -2 1 2 8 8
sg_2177 2001 22 1 1 1 2 2 8 9
sg_2177 2001 23 1 1 -1 2 2 8 9
sg_2219 2002 23 1 1 9 1 2 6 6
sg_2219 2002 0 1 1 -9 1 2 6 6
sg_2231 2002 0 1 1 -3 1 2 8 10
sg_2231 2002 23 1 1 3 1 2 8 10
sg_2633 2004 23 1 1 1 2 2 6 12
sg_2633 2004 22 1 1 -1 2 2 6 12
sg_2891 2005 0 1 1 -11 1 2 5 4
sg_2891 2005 22 1 1 11 1 2 5 4
sg_2991 2005 0 3 1 -39 1 2 5 4
sg_2991 2005 23 1 3 39 1 2 5 4
sg_3382 2006 23 1 1 -14 1 2 6 10
sg_3382 2006 0 1 1 14 1 2 6 10
sg_3424 2006 23 1 1 1 1 2 8 12
sg_3424 2006 22 1 1 -1 1 2 8 12
sg_3586 2006 23 1 1 -12 2 2 7 7
sg_3586 2006 0 1 1 12 2 2 7 7
sg_3782 2006 33 1 1 0 3 2 7 10
sg_3782 2006 23 1 1 0 3 2 7 10
sg_4641 2007 0 1 1 0 1 2 6 7
sg_4641 2007 23 1 1 0 1 2 6 7
sg_4723 2007 23 1 1 -5 2 2 8 10
sg_4723 2007 22 1 1 5 2 2 8 10
sg_4758 2008 23 1 1 -10 1 2 6 9
sg_4758 2008 22 1 1 10 1 2 6 9
sg_4776 2008 23 1 1 5 2 2 7 10
sg_4776 2008 22 1 1 -5 2 2 7 10
sg_5801 2009 0 1 1 -5 2 2 8 4
sg_5801 2009 22 1 1 5 2 2 8 4
sg_5837 2009 22 1 1 0 1 2 7 6
sg_5837 2009 0 1 1 0 1 2 7 6
sg_5901 2009 0 1 1 0 2 2 7 9
sg_5901 2009 23 1 1 0 2 2 7 9
sg_5905 2009 23 1 1 7 1 2 9 8
sg_5905 2009 22 1 1 -7 1 2 9 8
sg_6411 2010 0 2 2 40 1 2 7 3
sg_6411 2010 23 1 3 -40 1 2 7 3
sg_6411 2010 22 1 3 0 1 2 7 3
sg_6760 2010 23 1 1 0 3 2 8 4
sg_6760 2010 22 1 1 0 3 2 8 4
sg_6836 2010 23 1 1 -12 1 2 9 16
sg_6836 2010 33 1 1 12 1 2 9 16
sg_8575 2013 23 1 1 -10 2 2 6 10
sg_8575 2013 22 1 1 10 2 2 6 10
sg_8703 2013 22 1 1 6 3 2 7 5
sg_8703 2013 23 1 1 -6 3 2 7 5
sg_8799 2013 0 3 1 -5 1 2 6 6
sg_8799 2013 22 1 3 5 1 2 6 6
sg_8827 2013 22 2 2 4 2 2 9 13
sg_8827 2013 13 1 3 -6 2 2 9 13
sg_8827 2013 23 1 3 2 2 2 9 13
us_720 2001 23 1 1 7 2 2 8 9
us_720 2001 0 1 1 -7 2 2 8 9
us_722 2001 23 1 1 2 1 2 7 10
us_722 2001 33 1 1 -2 1 2 7 10
us_888 2001 33 1 1 1 1 2 9 10
us_888 2001 23 1 1 -1 1 2 9 10
us_1169 2001 22 1 1 3 1 2 7 8
us_1169 2001 33 1 1 -3 1 2 7 8
us_1347 2001 33 1 3 17 1 2 5 3
us_1347 2001 0 2 2 -34 1 2 5 3
us_1347 2001 22 1 3 17 1 2 5 3
us_1819 2002 0 1 1 1 2 2 8 6
us_1819 2002 23 1 1 -1 2 2 8 6
us_2296 2003 23 1 1 0 1 2 8 8
us_2296 2003 13 1 1 0 1 2 8 8
us_2418 2003 0 1 1 0 1 2 8 9
us_2418 2003 23 1 1 0 1 2 8 9
us_3038 2004 0 1 1 2 1 2 6 8
us_3038 2004 22 1 1 -2 1 2 6 8
us_3439 2004 22 1 1 -12 1 2 7 13
us_3439 2004 23 1 1 12 1 2 7 13
us_4356 2005 33 1 3 -4 1 2 9 9
us_4356 2005 23 3 1 4 1 2 9 9
us_4358 2005 0 2 2 4 1 2 6 8
us_4358 2005 22 1 3 -4 1 2 6 8
us_4358 2005 23 1 3 0 1 2 6 8
us_4703 2005 23 1 1 0 1 2 9 10
us_4703 2005 22 1 1 0 1 2 9 10
us_5175 2006 22 2 2 19 1 2 7 13
us_5175 2006 23 2 2 -19 1 2 7 13
us_6240 2007 23 2 1 -6 2 2 9 4
us_6240 2007 0 1 2 6 2 2 9 4
us_6986 2007 22 1 2 0 1 2 7 8
us_6986 2007 23 1 2 0 1 2 7 8
us_6986 2007 0 1 2 0 1 2 7 8
us_7447 2008 23 2 2 28 2 2 6 14
us_7447 2008 0 1 3 -19 2 2 6 14
us_7447 2008 33 1 3 -9 2 2 6 14
us_7491 2008 23 3 1 -28 1 2 8 6
us_7491 2008 0 1 3 28 1 2 8 6
us_8524 2008 0 3 1 31 2 2 7 11
us_8524 2008 22 1 3 -31 2 2 7 11
us_8616 2009 22 1 1 17 2 2 8 10
us_8616 2009 23 1 1 -17 2 2 8 10
us_8620 2009 0 1 1 -5 1 2 7 8
us_8620 2009 23 1 1 5 1 2 7 8
us_8845 2009 23 1 1 0 2 2 8 9
us_8845 2009 22 1 1 0 2 2 8 9
us_8877 2009 0 1 1 11 1 2 8 8
us_8877 2009 23 1 1 -11 1 2 8 8
us_9595 2009 0 1 1 7 1 2 9 7
us_9595 2009 23 1 1 -7 1 2 9 7
us_9601 2009 0 1 1 5 1 2 9 6
us_9601 2009 23 1 1 -5 1 2 9 6
us_9697 2009 23 1 1 0 1 2 8 12
us_9697 2009 22 1 1 0 1 2 8 12
us_9957 2009 33 1 1 5 1 2 8 14
us_9957 2009 23 1 1 -5 1 2 8 14
us_10628 2009 23 1 1 0 1 2 5 10
us_10628 2009 22 1 1 0 1 2 5 10
us_11043 2009 23 1 1 0 1 2 8 6
us_11043 2009 0 1 1 0 1 2 8 6
us_11597 2010 23 2 2 -34 1 2 8 8
us_11597 2010 0 2 2 34 1 2 8 8
us_11930 2010 0 1 1 14 1 2 6 9
us_11930 2010 23 1 1 -14 1 2 6 9
us_12121 2010 23 1 1 0 1 2 9 10
us_12121 2010 22 1 1 0 1 2 9 10
us_12213 2010 23 1 1 -11 2 2 8 8
us_12213 2010 0 1 1 11 2 2 8 8
us_12318 2010 0 1 1 -6 2 2 9 13
us_12318 2010 23 1 1 6 2 2 9 13
us_13191 2011 0 1 1 -1 1 2 7 5
us_13191 2011 23 1 1 1 1 2 7 5
us_13400 2011 23 1 1 -6 2 2 7 13
us_13400 2011 22 1 1 6 2 2 7 13
us_14237 2011 0 1 1 9 1 2 7 9
us_14237 2011 23 1 1 -9 1 2 7 9
vb_143 1998 23 1 1 11 1 2 8 11
vb_143 1998 22 1 1 -11 1 2 8 11
vb_268 1999 0 1 1 -8 1 2 5 8
vb_268 1999 23 1 1 8 1 2 5 8
vb_487 2001 22 1 1 5 3 2 9 8
vb_487 2001 13 1 1 -5 3 2 9 8
vb_513 2002 0 1 1 13 1 2 5 4
vb_513 2002 23 1 1 -13 1 2 5 4
vb_703 2002 22 1 1 -6 1 2 9 11
vb_703 2002 23 1 1 6 1 2 9 11
vb_2712 2008 22 1 1 0 1 2 5 8
vb_2712 2008 33 1 1 0 1 2 5 8
vb_3043 2008 22 1 1 12 1 2 6 6
vb_3043 2008 0 1 1 -12 1 2 6 6
vb_4409 2010 0 1 1 10 2 2 6 6
vb_4409 2010 23 1 1 -10 2 2 6 6
vb_5723 2012 23 1 1 -1 1 2 9 10
vb_5723 2012 22 1 1 1 1 2 9 10
vb_5785 2012 22 1 1 4 2 2 6 10
vb_5785 2012 23 1 1 -4 2 2 6 10
vb_6507 2013 22 1 1 -5 1 2 6 7
vb_6507 2013 0 1 1 5 1 2 6 7
vb_6515 2013 33 1 1 -9 1 2 6 10
vb_6515 2013 22 1 1 9 1 2 6 10
vb_6575 2013 0 3 1 4 1 2 5 3
vb_6575 2013 22 1 3 -4 1 2 5 3
vb_6577 2013 0 2 2 -20 1 2 8 12
vb_6577 2013 22 1 3 1 1 2 8 12
vb_6577 2013 23 1 3 19 1 2 8 12
vb_6597 2013 23 2 2 11 1 2 9 12
vb_6597 2013 22 1 3 -18 1 2 9 12
vb_6597 2013 33 1 3 7 1 2 9 12
vb_6809 2014 23 1 1 0 2 2 6 9
vb_6809 2014 0 1 1 0 2 2 6 9
vb_6849 2014 0 1 1 0 1 2 9 7
vb_6849 2014 23 1 1 0 1 2 9 7
vb_6905 2014 0 1 1 -1 1 2 9 6
vb_6905 2014 22 1 1 1 1 2 9 6
