id year bid1 bid2 n1 n2 imps hand suit hcp suitq
bb9_617 1997 22 23 1 1 -6 1 2 7 9
bb9_2200 2000 22 23 1 3 9 1 2 8 11
bb9_2728 2003 22 23 1 1 1 2 2 9 11
bb9_2785 2003 22 23 1 1 0 1 2 6 1
bb9_2831 2003 22 23 1 2 -4 2 2 8 9
bb9_3136 2003 22 23 2 2 0 1 2 7 11
bb9_3459 2003 22 23 1 2 14 1 2 9 13
bb9_4376 2005 22 23 1 1 -8 2 2 8 12
bb9_4534 2005 22 23 1 1 7 1 2 8 8
bb9_4734 2005 22 23 1 1 2 1 2 7 10
bb9_4792 2005 22 23 2 1 11 2 2 5 10
bb9_6100 2005 22 23 1 1 0 1 2 9 11
bb9_6156 2005 22 23 1 2 -20 1 2 9 10
bb9_7042 2007 22 23 1 1 3 1 2 5 6
bb9_7717 2007 22 23 1 3 2 1 2 8 5
bb9_8657 2009 22 23 1 3 -11 3 2 8 4
bb9_9119 2009 22 23 2 3 4 1 2 7 6
bb9_9940 2009 22 23 1 3 25 1 2 8 9
bb9_10233 2009 22 23 1 3 17 2 2 8 6
bb9_10973 2011 22 23 2 3 -39 1 2 7 3
bb9_11648 2011 22 23 1 2 0 2 2 7 12
bb9_12244 2011 22 23 1 5 54 1 2 9 17
bb9_12252 2011 22 23 2 3 -27 1 2 9 8
bb9_14939 2013 22 23 3 2 -15 1 2 8 5
bb9_15407 2013 22 23 1 1 -8 1 2 8 7
dt_5 1997 22 23 1 1 -5 1 2 8 7
dt_1110 2004 22 23 1 1 1 2 2 7 6
ec_39 1998 22 23 1 1 -7 1 2 9 6
ec_191 1998 22 23 1 1 6 2 2 9 14
ec_393 1998 22 23 1 1 1 1 2 7 5
ec_859 2001 22 23 3 3 50 2 2 8 11
ec_2491 2004 22 23 4 5 -104 1 2 8 10
ec_3206 2004 22 23 3 5 10 1 2 7 11
ec_4877 2004 22 23 1 6 29 1 2 9 9
ec_5102 2004 22 23 3 3 21 1 2 7 12
ec_6233 2004 22 23 3 3 -33 1 2 7 10
ec_6439 2004 22 23 5 3 -45 2 2 8 17
ec_7445 2006 22 23 1 1 -4 2 2 7 9
ec_8261 2006 22 23 1 1 4 1 2 8 9
ec_8413 2007 22 23 3 3 -21 1 2 8 4
ec_8431 2007 22 23 6 3 0 1 2 9 9
ec_11541 2008 22 23 5 1 -36 1 2 5 11
ec_12260 2008 22 23 4 2 -2 3 2 7 8
ec_13331 2008 22 23 7 3 34 2 2 8 9
ec_16226 2008 22 23 3 5 101 1 2 5 10
ec_16234 2008 22 23 1 3 -33 2 2 8 11
ec_16464 2008 22 23 3 2 -46 1 2 8 12
ec_16892 2008 22 23 2 3 4 1 2 6 5
ec_17353 2008 22 23 4 6 42 1 2 6 8
ec_17570 2008 22 23 5 7 204 2 2 7 9
ec_17814 2008 22 23 5 4 -47 1 2 9 10
ec_19624 2009 22 23 2 2 -9 1 2 9 15
ec_19971 2009 22 23 1 1 1 2 2 9 10
ec_20627 2009 22 23 1 2 0 2 2 9 13
ol_339 1992 22 23 3 1 8 3 2 9 5
ol_875 1992 22 23 5 2 -16 1 2 6 13
ol_1075 1992 22 23 1 3 14 3 2 8 12
ol_1774 1992 22 23 7 1 -5 1 2 6 5
ol_6356 1992 22 23 7 4 0 1 2 9 13
ol_8510 1992 22 23 3 1 30 1 2 8 10
ol_8846 2000 22 23 5 7 -33 1 2 5 10
ol_8868 2000 22 23 4 5 7 1 2 6 9
ol_9365 2000 22 23 4 7 -36 1 2 8 4
ol_9651 2000 22 23 1 1 10 1 2 8 5
ol_9653 2000 22 23 3 5 88 1 2 6 8
ol_10476 2000 22 23 3 7 -32 2 2 7 8
ol_10486 2000 22 23 2 6 -9 1 2 6 7
ol_10900 2000 22 23 4 4 -31 2 2 9 11
ol_11062 2000 22 23 3 1 0 2 2 8 9
ol_11324 2000 22 23 2 1 -20 1 2 8 11
ol_11846 2000 22 23 3 1 10 2 2 9 12
ol_11869 2000 22 23 2 1 33 1 2 9 11
ol_11873 2000 22 23 1 1 -1 2 2 8 7
ol_14728 2004 22 23 1 3 -17 1 2 8 12
sg_187 1997 22 23 1 1 -4 2 2 7 12
sg_1375 2001 22 23 1 1 0 1 2 9 12
sg_1569 2001 22 23 1 1 0 2 2 8 12
sg_2163 2001 22 23 1 1 2 1 2 8 8
sg_2177 2001 22 23 1 1 1 2 2 8 9
sg_2633 2004 22 23 1 1 -1 2 2 6 12
sg_3424 2006 22 23 1 1 -1 1 2 8 12
sg_4723 2007 22 23 1 1 5 2 2 8 10
sg_4758 2008 22 23 1 1 10 1 2 6 9
sg_4776 2008 22 23 1 1 -5 2 2 7 10
sg_5905 2009 22 23 1 1 -7 1 2 9 8
sg_6411 2010 22 23 1 1 12 1 2 7 3
sg_6760 2010 22 23 1 1 0 3 2 8 4
sg_8575 2013 22 23 1 1 10 2 2 6 10
sg_8703 2013 22 23 1 1 6 3 2 7 5
sg_8827 2013 22 23 2 1 0 2 2 9 13
us_3439 2004 22 23 1 1 -12 1 2 7 13
us_4358 2005 22 23 1 1 -1 1 2 6 8
us_4703 2005 22 23 1 1 0 1 2 9 10
us_5175 2006 22 23 2 2 19 1 2 7 13
us_6986 2007 22 23 1 1 0 1 2 7 8
us_8616 2009 22 23 1 1 17 2 2 8 10
us_8845 2009 22 23 1 1 0 2 2 8 9
us_9697 2009 22 23 1 1 0 1 2 8 12
us_10628 2009 22 23 1 1 0 1 2 5 10
us_12121 2010 22 23 1 1 0 1 2 9 10
us_13400 2011 22 23 1 1 6 2 2 7 13
vb_143 1998 22 23 1 1 -11 1 2 8 11
vb_703 2002 22 23 1 1 -6 1 2 9 11
vb_5723 2012 22 23 1 1 1 1 2 9 10
vb_5785 2012 22 23 1 1 4 2 2 6 10
vb_6577 2013 22 23 1 1 -5 1 2 8 12
vb_6597 2013 22 23 1 2 -12 1 2 9 12
