id year bid n1 n2 imps hand suit hcp suitq
bb9_129 1991 12 1 1 -12 1 1 7 6
bb9_129 1991 22 1 1 12 1 1 7 6
bb9_481 1995 24 1 1 1 1 1 9 8
bb9_481 1995 0 1 1 -1 1 1 9 8
bb9_503 1997 22 1 1 1 2 1 8 10
bb9_503 1997 24 1 1 -1 2 1 8 10
bb9_1093 1997 24 1 1 1 2 1 9 7
bb9_1093 1997 14 1 1 -1 2 1 9 7
bb9_1115 1997 0 1 1 13 1 1 7 9
bb9_1115 1997 24 1 1 -13 1 1 7 9
bb9_1241 1997 24 1 1 -6 1 1 9 11
bb9_1241 1997 14 1 1 6 1 1 9 11
bb9_2777 2003 23 2 1 1 2 1 8 5
bb9_2777 2003 24 1 2 -1 2 1 8 5
bb9_3567 2003 23 1 2 0 1 1 8 7
bb9_3567 2003 24 2 1 0 1 1 8 7
bb9_4372 2005 24 1 1 2 2 1 6 11
bb9_4372 2005 22 1 1 -2 2 1 6 11
bb9_4400 2005 22 1 1 1 1 1 9 13
bb9_4400 2005 24 1 1 -1 1 1 9 13
bb9_4486 2005 22 1 1 0 2 1 7 9
bb9_4486 2005 0 1 1 0 2 1 7 9
bb9_4784 2005 0 4 1 -64 1 1 5 7
bb9_4784 2005 22 1 4 64 1 1 5 7
bb9_5270 2005 22 1 1 -7 1 1 9 15
bb9_5270 2005 14 1 1 7 1 1 9 15
bb9_5350 2005 22 1 1 1 1 1 7 3
bb9_5350 2005 0 1 1 -1 1 1 7 3
bb9_7667 2007 24 1 1 -8 2 1 8 9
bb9_7667 2007 0 1 1 8 2 1 8 9
bb9_7883 2009 24 1 2 -26 1 1 9 14
bb9_7883 2009 0 1 2 13 1 1 9 14
bb9_7883 2009 22 1 2 13 1 1 9 14
bb9_8220 2009 0 1 3 5 1 1 9 11
bb9_8220 2009 14 2 2 2 1 1 9 11
bb9_8220 2009 24 1 3 -7 1 1 9 11
bb9_8284 2009 24 1 1 -10 1 1 6 10
bb9_8284 2009 22 1 1 10 1 1 6 10
bb9_8318 2009 0 3 1 37 2 1 9 7
bb9_8318 2009 14 1 3 -37 2 1 9 7
bb9_9830 2009 0 5 1 30 2 1 8 9
bb9_9830 2009 24 1 5 -30 2 1 8 9
bb9_10139 2009 24 4 1 -16 2 1 7 7
bb9_10139 2009 22 1 4 16 2 1 7 7
bb9_10223 2009 22 2 4 36 1 1 9 6
bb9_10223 2009 24 4 2 -36 1 1 9 6
bb9_10505 2009 0 1 1 0 2 1 5 4
bb9_10505 2009 22 1 1 0 2 1 5 4
bb9_11147 2011 22 3 3 0 1 1 8 6
bb9_11147 2011 0 3 3 0 1 1 8 6
bb9_12476 2011 0 7 1 -48 1 1 5 5
bb9_12476 2011 24 1 7 48 1 1 5 5
bb9_13147 2011 0 4 2 -112 1 1 8 5
bb9_13147 2011 22 2 4 112 1 1 8 5
bb9_14531 2013 0 1 3 -12 1 1 8 9
bb9_14531 2013 24 2 2 -8 1 1 8 9
bb9_14531 2013 22 1 3 20 1 1 8 9
bb9_14935 2013 24 2 4 46 2 1 5 4
bb9_14935 2013 0 3 3 -32 2 1 5 4
bb9_14935 2013 22 1 5 -14 2 1 5 4
bb9_15055 2013 24 3 3 -48 1 1 7 11
bb9_15055 2013 22 2 4 -11 1 1 7 11
bb9_15055 2013 0 1 5 59 1 1 7 11
bb9_15347 2013 24 1 3 -1 2 1 8 2
bb9_15347 2013 0 3 1 1 2 1 8 2
ca_594 2000 0 1 1 -11 1 1 7 6
ca_594 2000 24 1 1 11 1 1 7 6
ca_1927 2008 34 1 1 0 1 1 8 4
ca_1927 2008 24 1 1 0 1 1 8 4
dt_49 1997 22 1 1 0 1 1 9 9
dt_49 1997 24 1 1 0 1 1 9 9
dt_453 1999 23 1 1 11 3 1 6 10
dt_453 1999 22 1 1 -11 3 1 6 10
dt_1108 2004 0 1 1 -5 1 1 9 6
dt_1108 2004 24 1 1 5 1 1 9 6
dt_1118 2004 34 1 1 -11 1 1 5 10
dt_1118 2004 23 1 1 11 1 1 5 10
dt_1142 2004 24 1 1 0 1 1 5 8
dt_1142 2004 23 1 1 0 1 1 5 8
dt_1348 2006 24 1 1 5 1 1 8 14
dt_1348 2006 22 1 1 -5 1 1 8 14
dt_1440 2006 22 1 1 13 1 1 6 9
dt_1440 2006 24 1 1 -13 1 1 6 9
dt_1873 2011 23 1 1 -5 1 1 9 7
dt_1873 2011 24 1 1 5 1 1 9 7
dt_1969 2011 0 1 1 0 2 1 6 6
dt_1969 2011 22 1 1 0 2 1 6 6
dt_1987 2011 24 1 1 2 3 1 9 9
dt_1987 2011 22 1 1 -2 3 1 9 9
ec_3 1998 24 1 1 0 1 1 8 6
ec_3 1998 0 1 1 0 1 1 8 6
ec_145 1998 24 1 1 -12 1 1 9 13
ec_145 1998 34 1 1 12 1 1 9 13
ec_285 1998 34 1 1 0 1 1 5 5
ec_285 1998 24 1 1 0 1 1 5 5
ec_657 1998 24 1 1 -11 2 1 7 11
ec_657 1998 22 1 1 11 2 1 7 11
ec_2673 2004 24 1 5 2 1 1 6 4
ec_2673 2004 0 2 4 -20 1 1 6 4
ec_2673 2004 22 3 3 18 1 1 6 4
ec_3014 2004 0 2 7 -10 1 1 9 6
ec_3014 2004 22 4 5 29 1 1 9 6
ec_3014 2004 24 3 6 -19 1 1 9 6
ec_3034 2004 0 5 4 -81 1 1 8 3
ec_3034 2004 22 3 6 150 1 1 8 3
ec_3034 2004 24 1 8 -69 1 1 8 3
ec_4035 2004 22 1 9 -45 1 1 6 10
ec_4035 2004 24 5 5 -81 1 1 6 10
ec_4035 2004 0 4 6 126 1 1 6 10
ec_4725 2004 22 3 2 3 2 1 7 9
ec_4725 2004 0 2 3 -3 2 1 7 9
ec_4901 2004 0 3 7 -10 1 1 6 9
ec_4901 2004 23 1 9 0 1 1 6 9
ec_4901 2004 22 2 8 10 1 1 6 9
ec_4901 2004 24 4 6 0 1 1 6 9
ec_6649 2004 24 2 5 98 2 1 5 3
ec_6649 2004 0 5 2 -98 2 1 5 3
ec_6809 2004 0 1 1 -6 1 1 7 5
ec_6809 2004 22 1 1 6 1 1 7 5
ec_6999 2006 22 1 1 0 3 1 7 9
ec_6999 2006 24 1 1 0 3 1 7 9
ec_7539 2006 0 1 1 11 1 1 9 5
ec_7539 2006 22 1 1 -11 1 1 9 5
ec_8017 2006 0 1 1 13 2 1 7 5
ec_8017 2006 22 1 1 -13 2 1 7 5
ec_8643 2007 24 7 5 7 1 1 8 12
ec_8643 2007 22 4 8 -18 1 1 8 12
ec_8643 2007 0 1 11 11 1 1 8 12
ec_10242 2008 24 4 10 -189 1 1 8 6
ec_10242 2008 22 4 10 -7 1 1 8 6
ec_10242 2008 0 6 8 196 1 1 8 6
ec_10246 2008 24 4 1 5 3 1 7 10
ec_10246 2008 22 1 4 -5 3 1 7 10
ec_11196 2008 22 4 12 -15 2 1 8 9
ec_11196 2008 0 8 8 -126 2 1 8 9
ec_11196 2008 24 4 12 141 2 1 8 9
ec_11757 2008 22 3 9 95 1 1 7 10
ec_11757 2008 34 2 10 -123 1 1 7 10
ec_11757 2008 24 6 6 22 1 1 7 10
ec_11757 2008 0 1 11 6 1 1 7 10
ec_12663 2008 0 2 8 -28 1 1 8 9
ec_12663 2008 22 3 7 48 1 1 8 9
ec_12663 2008 24 4 6 31 1 1 8 9
ec_12663 2008 23 1 9 -51 1 1 8 9
ec_13568 2008 24 3 9 78 2 1 8 6
ec_13568 2008 0 5 7 83 2 1 8 6
ec_13568 2008 22 4 8 -161 2 1 8 6
ec_14494 2008 21 1 2 -3 3 1 7 9
ec_14494 2008 22 1 2 0 3 1 7 9
ec_14494 2008 0 1 2 3 3 1 7 9
ec_14756 2008 0 9 3 13 1 1 6 8
ec_14756 2008 22 3 9 -13 1 1 6 8
ec_16015 2008 24 6 6 121 1 1 9 14
ec_16015 2008 22 4 8 -18 1 1 9 14
ec_16015 2008 34 1 11 -77 1 1 9 14
ec_16015 2008 0 1 11 -26 1 1 9 14
ec_19360 2009 22 2 2 -10 2 1 8 11
ec_19360 2009 24 2 2 10 2 1 8 11
ec_20029 2009 24 2 2 -9 2 1 6 6
ec_20029 2009 0 2 2 9 2 1 6 6
ec_20657 2009 24 2 2 -12 1 1 7 8
ec_20657 2009 22 1 3 8 1 1 7 8
ec_20657 2009 0 1 3 4 1 1 7 8
ol_273 1992 24 1 1 1 1 1 8 12
ol_273 1992 22 1 1 -1 1 1 8 12
ol_349 1992 22 3 2 7 3 1 8 10
ol_349 1992 24 2 3 -7 3 1 8 10
ol_1091 1992 24 3 9 -173 1 1 6 9
ol_1091 1992 22 4 8 278 1 1 6 9
ol_1091 1992 23 2 10 70 1 1 6 9
ol_1091 1992 0 3 9 -175 1 1 6 9
ol_1292 1992 24 4 3 -27 3 1 6 7
ol_1292 1992 23 1 6 37 3 1 6 7
ol_1292 1992 0 2 5 -10 3 1 6 7
ol_1788 1992 22 5 6 2 1 1 9 10
ol_1788 1992 14 1 10 -37 1 1 9 10
ol_1788 1992 24 4 7 -11 1 1 9 10
ol_1788 1992 23 1 10 46 1 1 9 10
ol_2016 1992 22 1 2 -26 2 1 7 11
ol_2016 1992 0 2 1 26 2 1 7 11
ol_2268 1992 23 1 11 -128 1 1 9 10
ol_2268 1992 22 5 7 87 1 1 9 10
ol_2268 1992 24 4 8 3 1 1 9 10
ol_2268 1992 0 1 11 80 1 1 9 10
ol_2268 1992 14 1 11 -42 1 1 9 10
ol_2520 1992 0 1 10 28 2 1 9 10
ol_2520 1992 22 4 7 -44 2 1 9 10
ol_2520 1992 24 4 7 59 2 1 9 10
ol_2520 1992 23 1 10 -12 2 1 9 10
ol_2520 1992 14 1 10 -31 2 1 9 10
ol_2764 1992 24 7 5 111 1 1 9 15
ol_2764 1992 14 1 11 -35 1 1 9 15
ol_2764 1992 22 3 9 -30 1 1 9 15
ol_2764 1992 34 1 11 -46 1 1 9 15
ol_3486 1992 22 3 8 51 2 1 7 12
ol_3486 1992 24 5 6 -65 2 1 7 12
ol_3486 1992 23 1 10 7 2 1 7 12
ol_3486 1992 0 2 9 7 2 1 7 12
ol_3936 1992 0 1 11 20 1 1 6 6
ol_3936 1992 22 7 5 -39 1 1 6 6
ol_3936 1992 24 4 8 19 1 1 6 6
ol_4438 1992 24 3 9 36 1 1 8 10
ol_4438 1992 23 2 10 -101 1 1 8 10
ol_4438 1992 22 5 7 101 1 1 8 10
ol_4438 1992 0 1 11 -18 1 1 8 10
ol_4438 1992 14 1 11 -18 1 1 8 10
ol_4684 1992 24 2 10 -29 1 1 8 5
ol_4684 1992 22 4 8 58 1 1 8 5
ol_4684 1992 14 1 11 17 1 1 8 5
ol_4684 1992 0 5 7 -46 1 1 8 5
ol_5890 1992 24 2 7 4 3 1 8 9
ol_5890 1992 14 1 8 2 3 1 8 9
ol_5890 1992 0 2 7 -5 3 1 8 9
ol_5890 1992 22 4 5 -1 3 1 8 9
ol_6348 1992 23 2 10 15 1 1 9 13
ol_6348 1992 22 4 8 96 1 1 9 13
ol_6348 1992 24 4 8 -11 1 1 9 13
ol_6348 1992 14 1 11 24 1 1 9 13
ol_6348 1992 34 1 11 -124 1 1 9 13
ol_7056 1992 24 2 1 6 3 1 9 8
ol_7056 1992 14 1 2 -6 3 1 9 8
ol_7550 1992 14 2 10 224 3 1 7 13
ol_7550 1992 22 3 9 -80 3 1 7 13
ol_7550 1992 0 1 11 -88 3 1 7 13
ol_7550 1992 24 6 6 -56 3 1 7 13
ol_8737 1996 24 1 1 -11 2 1 7 10
ol_8737 1996 22 1 1 11 2 1 7 10
ol_9119 2000 24 8 8 199 1 1 5 9
ol_9119 2000 22 5 11 -161 1 1 5 9
ol_9119 2000 0 2 14 17 1 1 5 9
ol_9119 2000 23 1 15 -55 1 1 5 9
ol_9125 2000 24 5 7 -28 2 1 8 13
ol_9125 2000 22 6 6 43 2 1 8 13
ol_9125 2000 23 1 11 -15 2 1 8 13
ol_9355 2000 24 7 11 -107 1 1 8 5
ol_9355 2000 22 8 10 132 1 1 8 5
ol_9355 2000 0 3 15 -25 1 1 8 5
ol_9381 2000 24 7 4 47 2 1 8 12
ol_9381 2000 34 1 10 -1 2 1 8 12
ol_9381 2000 22 3 8 -46 2 1 8 12
ol_11204 2000 0 3 1 25 1 1 5 4
ol_11204 2000 24 1 3 -25 1 1 5 4
ol_11328 2000 22 2 2 28 1 1 9 12
ol_11328 2000 24 1 3 10 1 1 9 12
ol_11328 2000 0 1 3 -38 1 1 9 12
ol_12315 2000 22 1 1 3 1 1 9 10
ol_12315 2000 24 1 1 -3 1 1 9 10
ol_12865 2004 22 3 1 15 1 1 8 6
ol_12865 2004 24 1 3 -15 1 1 8 6
ol_13084 2004 24 1 3 -27 1 1 9 8
ol_13084 2004 0 2 2 54 1 1 9 8
ol_13084 2004 22 1 3 -27 1 1 9 8
ol_13086 2004 24 2 1 -3 2 1 9 5
ol_13086 2004 0 1 2 3 2 1 9 5
ol_14043 2004 24 3 5 -15 1 1 8 9
ol_14043 2004 22 5 3 15 1 1 8 9
ol_14486 2004 0 1 1 -4 1 1 5 6
ol_14486 2004 22 1 1 4 1 1 5 6
ol_14796 2004 24 2 2 -6 1 1 9 11
ol_14796 2004 0 1 3 5 1 1 9 11
ol_14796 2004 22 1 3 1 1 1 9 11
ol_14990 2004 24 1 2 -6 2 1 9 14
ol_14990 2004 22 2 1 6 2 1 9 14
ol_14998 2004 24 3 1 2 1 1 7 12
ol_14998 2004 22 1 3 -2 1 1 7 12
ol_15036 2004 24 1 1 0 1 1 9 8
ol_15036 2004 0 1 1 0 1 1 9 8
sg_723 1998 14 1 1 0 1 1 9 18
sg_723 1998 22 1 1 0 1 1 9 18
sg_1045 1999 24 1 1 10 1 1 8 5
sg_1045 1999 0 1 1 -10 1 1 8 5
sg_1425 2001 22 1 1 12 2 1 9 11
sg_1425 2001 0 1 1 -12 2 1 9 11
sg_2745 2004 24 1 1 -1 3 1 5 6
sg_2745 2004 0 1 1 1 3 1 5 6
sg_2779 2004 0 3 1 14 1 1 6 3
sg_2779 2004 24 1 3 -14 1 1 6 3
sg_2789 2004 24 1 1 -11 3 1 8 5
sg_2789 2004 0 1 1 11 3 1 8 5
sg_4116 2007 22 1 1 0 1 1 8 15
sg_4116 2007 24 1 1 0 1 1 8 15
sg_4768 2008 24 1 1 0 2 1 7 6
sg_4768 2008 22 1 1 0 2 1 7 6
sg_4772 2008 14 1 1 0 3 1 9 15
sg_4772 2008 34 1 1 0 3 1 9 15
sg_5215 2008 22 1 1 8 2 1 5 4
sg_5215 2008 0 1 1 -8 2 1 5 4
sg_5369 2008 0 1 1 0 1 1 8 9
sg_5369 2008 24 1 1 0 1 1 8 9
sg_5594 2009 22 1 3 -1 1 1 9 11
sg_5594 2009 24 1 3 1 1 1 9 11
sg_5594 2009 14 2 2 0 1 1 9 11
sg_6507 2010 0 1 1 0 1 1 8 6
sg_6507 2010 22 1 1 0 1 1 8 6
sg_6790 2010 24 1 1 0 1 1 8 10
sg_6790 2010 0 1 1 0 1 1 8 10
sg_6864 2010 24 1 1 5 1 1 8 5
sg_6864 2010 22 1 1 -5 1 1 8 5
sg_7497 2012 0 1 1 8 1 1 8 4
sg_7497 2012 24 1 1 -8 1 1 8 4
sg_8389 2012 0 1 1 0 1 1 6 2
sg_8389 2012 24 1 1 0 1 1 6 2
sg_8619 2013 22 1 1 10 1 1 6 5
sg_8619 2013 0 1 1 -10 1 1 6 5
us_1 2000 0 1 1 2 1 1 9 7
us_1 2000 24 1 1 -2 1 1 9 7
us_441 2000 24 3 1 25 1 1 8 6
us_441 2000 0 1 3 -25 1 1 8 6
us_937 2001 24 1 1 0 1 1 7 15
us_937 2001 34 1 1 0 1 1 7 15
us_991 2001 24 1 1 0 2 1 9 7
us_991 2001 0 1 1 0 2 1 9 7
us_1015 2001 0 1 1 10 1 1 6 7
us_1015 2001 22 1 1 -10 1 1 6 7
us_1058 2001 0 1 1 -6 1 1 6 9
us_1058 2001 24 1 1 6 1 1 6 9
us_1129 2001 22 1 1 -6 1 1 9 13
us_1129 2001 24 1 1 6 1 1 9 13
us_1147 2001 0 1 1 1 1 1 7 9
us_1147 2001 22 1 1 -1 1 1 7 9
us_1407 2001 0 1 3 -12 2 1 8 14
us_1407 2001 24 2 2 24 2 1 8 14
us_1407 2001 22 1 3 -12 2 1 8 14
us_1728 2002 22 1 1 0 1 1 6 8
us_1728 2002 0 1 1 0 1 1 6 8
us_1821 2002 22 1 1 0 1 1 8 11
us_1821 2002 24 1 1 0 1 1 8 11
us_3072 2004 24 1 2 -13 1 1 8 6
us_3072 2004 0 2 1 13 1 1 8 6
us_3824 2005 22 1 1 12 1 1 8 10
us_3824 2005 24 1 1 -12 1 1 8 10
us_3846 2005 24 1 1 4 1 1 5 10
us_3846 2005 22 1 1 -4 1 1 5 10
us_5664 2007 24 1 1 11 1 1 7 12
us_5664 2007 0 1 1 -11 1 1 7 12
us_5932 2007 0 2 2 -30 1 1 7 8
us_5932 2007 24 2 2 30 1 1 7 8
us_6228 2007 0 1 5 -59 2 1 9 8
us_6228 2007 24 5 1 59 2 1 9 8
us_6520 2007 24 3 1 -1 1 1 8 14
us_6520 2007 22 1 3 1 1 1 8 14
us_6844 2007 22 1 1 4 1 1 6 9
us_6844 2007 0 1 1 -4 1 1 6 9
us_7366 2008 24 3 1 16 1 1 7 8
us_7366 2008 22 1 3 -16 1 1 7 8
us_7493 2008 0 2 2 5 2 1 7 7
us_7493 2008 24 2 2 -5 2 1 7 7
us_7992 2008 22 1 3 -22 1 1 6 5
us_7992 2008 24 3 1 22 1 1 6 5
us_8713 2009 22 1 1 10 3 1 9 7
us_8713 2009 24 1 1 -10 3 1 9 7
us_8727 2009 22 1 1 -7 2 1 8 5
us_8727 2009 24 1 1 7 2 1 8 5
us_9751 2009 24 1 1 1 2 1 9 9
us_9751 2009 22 1 1 -1 2 1 9 9
us_9809 2009 14 1 1 0 3 1 6 9
us_9809 2009 22 1 1 0 3 1 6 9
us_10380 2009 0 1 1 1 1 1 8 11
us_10380 2009 24 1 1 -1 1 1 8 11
us_10514 2009 24 1 1 0 2 1 9 10
us_10514 2009 22 1 1 0 2 1 9 10
us_11253 2010 14 1 1 0 3 1 9 6
us_11253 2010 24 1 1 0 3 1 9 6
us_14477 2011 24 1 1 6 1 1 6 6
us_14477 2011 0 1 1 -6 1 1 6 6
us_14874 2011 0 1 1 -3 1 1 6 8
us_14874 2011 24 1 1 3 1 1 6 8
us_14950 2011 0 1 1 -12 2 1 8 9
us_14950 2011 24 1 1 12 2 1 8 9
us_15041 2011 22 1 1 0 1 1 8 9
us_15041 2011 24 1 1 0 1 1 8 9
us_15438 2012 24 1 1 0 1 1 9 5
us_15438 2012 0 1 1 0 1 1 9 5
us_15636 2012 24 3 1 16 3 1 9 8
us_15636 2012 14 1 3 -16 3 1 9 8
us_15785 2012 0 1 1 0 1 1 5 4
us_15785 2012 24 1 1 0 1 1 5 4
us_16325 2012 14 1 1 -5 1 1 9 8
us_16325 2012 24 1 1 5 1 1 9 8
us_16965 2012 22 1 1 -7 2 1 7 5
us_16965 2012 24 1 1 7 2 1 7 5
vb_3 1997 22 1 1 -10 2 1 7 11
vb_3 1997 0 1 1 10 2 1 7 11
vb_113 1997 22 1 1 0 2 1 8 6
vb_113 1997 0 1 1 0 2 1 8 6
vb_554 2002 22 1 1 0 2 1 8 5
vb_554 2002 0 1 1 0 2 1 8 5
vb_580 2002 24 1 1 0 2 1 9 16
vb_580 2002 22 1 1 0 2 1 9 16
vb_1132 2005 22 2 2 25 1 1 7 12
vb_1132 2005 34 1 3 9 1 1 7 12
vb_1132 2005 24 1 3 -34 1 1 7 12
vb_1184 2005 34 2 1 0 1 1 5 9
vb_1184 2005 24 1 2 0 1 1 5 9
vb_2229 2007 0 1 1 0 2 1 8 5
vb_2229 2007 22 1 1 0 2 1 8 5
vb_2930 2008 24 1 1 6 1 1 8 9
vb_2930 2008 22 1 1 -6 1 1 8 9
vb_3568 2009 0 1 1 2 1 1 7 8
vb_3568 2009 24 1 1 -2 1 1 7 8
vb_3761 2009 24 1 1 -1 1 1 6 11
vb_3761 2009 0 1 1 1 1 1 6 11
vb_4047 2010 22 3 1 17 1 1 7 7
vb_4047 2010 0 1 3 -17 1 1 7 7
vb_4665 2011 0 2 2 -24 1 1 7 7
vb_4665 2011 24 2 2 24 1 1 7 7
vb_4921 2011 24 1 1 -1 1 1 8 3
vb_4921 2011 0 1 1 1 1 1 8 3
vb_5391 2012 0 1 1 -15 1 1 7 3
vb_5391 2012 24 1 1 15 1 1 7 3
vb_5647 2012 24 1 1 1 2 1 8 17
vb_5647 2012 0 1 1 -1 2 1 8 17
vb_6969 2014 0 1 2 10 1 1 7 10
vb_6969 2014 24 2 1 -10 1 1 7 10
